1 32001350 32005350 
2 32001350 32005350 
3 32001350 32005350 
4 32001350 32005350 
5 32001350 32005350 
6 32001350 32005350 
7 32001350 32005350 
8 32001350 32005350 
9 32001350 32005350 
10 32001350 32005350 
11 32001350 32005350 
12 32001350 32005350 
13 32001350 32005350 
14 32001350 32005350 
15 32001350 32005350 
16 32001350 32005350 
17 32005350 32009350 
18 32005350 32009350 
19 32005350 32009350 
20 32005350 32009350 
21 32005350 32009350 
22 32005350 32009350 
23 32005350 32009350 
24 32005350 32009350 
25 32005350 32009350 
26 32005350 32009350 
27 32005350 32009350 
28 32005350 32009350 
29 32005350 32009350 
30 32005350 32009350 
31 32005350 32009350 
32 32005350 32009350 
33 32009350 32013350 
34 32009350 32013350 
35 32009350 32013350 
36 32009350 32013350 
37 32009350 32013350 
38 32009350 32013350 
39 32009350 32013350 
40 32009350 32013350 
41 32009350 32013350 
42 32009350 32013350 
43 32009350 32013350 
44 32009350 32013350 
45 32009350 32013350 
46 32009350 32013350 
47 32009350 32013350 
48 32009350 32013350 
49 32013350 32017350 
50 32013350 32017350 
51 32013350 32017350 
52 32013350 32017350 
53 32013350 32017350 
54 32013350 32017350 
55 32013350 32017350 
56 32013350 32017350 
57 32013350 32017350 
58 32013350 32017350 
59 32013350 32017350 
60 32013350 32017350 
61 32013350 32017350 
62 32013350 32017350 
63 32013350 32017350 
64 32013350 32017350 
65 32017350 32021350 
66 32017350 32021350 
67 32017350 32021350 
68 32017350 32021350 
69 32017350 32021350 
70 32017350 32021350 
71 32017350 32021350 
72 32017350 32021350 
73 32017350 32021350 
74 32017350 32021350 
75 32017350 32021350 
76 32017350 32021350 
77 32017350 32021350 
78 32017350 32021350 
79 32017350 32021350 
80 32017350 32021350 
81 32021350 32025350 
82 32021350 32025350 
83 32021350 32025350 
84 32021350 32025350 
85 32021350 32025350 
86 32021350 32025350 
87 32021350 32025350 
88 32021350 32025350 
89 32021350 32025350 
90 32021350 32025350 
91 32021350 32025350 
92 32021350 32025350 
93 32021350 32025350 
94 32021350 32025350 
95 32021350 32025350 
96 32021350 32025350 
97 32025350 32029350 
98 32025350 32029350 
99 32025350 32029350 
100 32025350 32029350 
101 32025350 32029350 
102 32025350 32029350 
103 32025350 32029350 
104 32025350 32029350 
105 32025350 32029350 
106 32025350 32029350 
107 32025350 32029350 
108 32025350 32029350 
109 32025350 32029350 
110 32025350 32029350 
111 32025350 32029350 
112 32025350 32029350 
113 32029350 32033350 
114 32029350 32033350 
115 32029350 32033350 
116 32029350 32033350 
117 32029350 32033350 
118 32029350 32033350 
119 32029350 32033350 
120 32029350 32033350 
121 32029350 32033350 
122 32029350 32033350 
123 32029350 32033350 
124 32029350 32033350 
125 32029350 32033350 
126 32029350 32033350 
127 32029350 32033350 
128 32029350 32033350 
129 32033350 32037350 
130 32033350 32037350 
131 32033350 32037350 
132 32033350 32037350 
133 32033350 32037350 
134 32033350 32037350 
135 32033350 32037350 
136 32033350 32037350 
137 32033350 32037350 
138 32033350 32037350 
139 32033350 32037350 
140 32033350 32037350 
141 32033350 32037350 
142 32033350 32037350 
143 32033350 32037350 
144 32033350 32037350 
145 32037350 32041350 
146 32037350 32041350 
147 32037350 32041350 
148 32037350 32041350 
149 32037350 32041350 
150 32037350 32041350 
151 32037350 32041350 
152 32037350 32041350 
153 32037350 32041350 
154 32037350 32041350 
155 32037350 32041350 
156 32037350 32041350 
157 32037350 32041350 
158 32037350 32041350 
159 32037350 32041350 
160 32037350 32041350 
161 32041350 32045350 
162 32041350 32045350 
163 32041350 32045350 
164 32041350 32045350 
165 32041350 32045350 
166 32041350 32045350 
167 32041350 32045350 
168 32041350 32045350 
169 32041350 32045350 
170 32041350 32045350 
171 32041350 32045350 
172 32041350 32045350 
173 32041350 32045350 
174 32041350 32045350 
175 32041350 32045350 
176 32041350 32045350 
177 32045350 32049350 
178 32045350 32049350 
179 32045350 32049350 
180 32045350 32049350 
181 32045350 32049350 
182 32045350 32049350 
183 32045350 32049350 
184 32045350 32049350 
185 32045350 32049350 
186 32045350 32049350 
187 32045350 32049350 
188 32045350 32049350 
189 32045350 32049350 
190 32045350 32049350 
191 32045350 32049350 
192 32045350 32049350 
193 32049350 32053350 
194 32049350 32053350 
195 32049350 32053350 
196 32049350 32053350 
197 32049350 32053350 
198 32049350 32053350 
199 32049350 32053350 
200 32049350 32053350 
201 32049350 32053350 
202 32049350 32053350 
203 32049350 32053350 
204 32049350 32053350 
205 32049350 32053350 
206 32049350 32053350 
207 32049350 32053350 
208 32049350 32053350 
209 32053350 32057350 
210 32053350 32057350 
211 32053350 32057350 
212 32053350 32057350 
213 32053350 32057350 
214 32053350 32057350 
215 32053350 32057350 
216 32053350 32057350 
217 32053350 32057350 
218 32053350 32057350 
219 32053350 32057350 
220 32053350 32057350 
221 32053350 32057350 
222 32053350 32057350 
223 32053350 32057350 
224 32053350 32057350 
225 32057350 32061350 
226 32057350 32061350 
227 32057350 32061350 
228 32057350 32061350 
229 32057350 32061350 
230 32057350 32061350 
231 32057350 32061350 
232 32057350 32061350 
233 32057350 32061350 
234 32057350 32061350 
235 32057350 32061350 
236 32057350 32061350 
237 32057350 32061350 
238 32057350 32061350 
239 32057350 32061350 
240 32057350 32061350 
241 32061350 32065350 
242 32061350 32065350 
243 32061350 32065350 
244 32061350 32065350 
245 32061350 32065350 
246 32061350 32065350 
247 32061350 32065350 
248 32061350 32065350 
249 32061350 32065350 
250 32061350 32065350 
251 32061350 32065350 
252 32061350 32065350 
253 32061350 32065350 
254 32061350 32065350 
255 32061350 32065350 
256 32061350 32065350 
257 32065350 32069350 
258 32065350 32069350 
259 32065350 32069350 
260 32065350 32069350 
261 32065350 32069350 
262 32065350 32069350 
263 32065350 32069350 
264 32065350 32069350 
265 32065350 32069350 
266 32065350 32069350 
267 32065350 32069350 
268 32065350 32069350 
269 32065350 32069350 
270 32065350 32069350 
271 32065350 32069350 
272 32065350 32069350 
273 32069350 32073350 
274 32069350 32073350 
275 32069350 32073350 
276 32069350 32073350 
277 32069350 32073350 
278 32069350 32073350 
279 32069350 32073350 
280 32069350 32073350 
281 32069350 32073350 
282 32069350 32073350 
283 32069350 32073350 
284 32069350 32073350 
285 32069350 32073350 
286 32069350 32073350 
287 32069350 32073350 
288 32069350 32073350 
289 32073350 32077350 
290 32073350 32077350 
291 32073350 32077350 
292 32073350 32077350 
293 32073350 32077350 
294 32073350 32077350 
295 32073350 32077350 
296 32073350 32077350 
297 32073350 32077350 
298 32073350 32077350 
299 32073350 32077350 
300 32073350 32077350 
301 32073350 32077350 
302 32073350 32077350 
303 32073350 32077350 
304 32073350 32077350 
305 32077350 32081350 
306 32077350 32081350 
307 32077350 32081350 
308 32077350 32081350 
309 32077350 32081350 
310 32077350 32081350 
311 32077350 32081350 
312 32077350 32081350 
313 32077350 32081350 
314 32077350 32081350 
315 32077350 32081350 
316 32077350 32081350 
317 32077350 32081350 
318 32077350 32081350 
319 32077350 32081350 
320 32077350 32081350 
321 32081350 32085350 
322 32081350 32085350 
323 32081350 32085350 
324 32081350 32085350 
325 32081350 32085350 
326 32081350 32085350 
327 32081350 32085350 
328 32081350 32085350 
329 32081350 32085350 
330 32081350 32085350 
331 32081350 32085350 
332 32081350 32085350 
333 32081350 32085350 
334 32081350 32085350 
335 32081350 32085350 
336 32081350 32085350 
337 32085350 32089350 
338 32085350 32089350 
339 32085350 32089350 
340 32085350 32089350 
341 32085350 32089350 
342 32085350 32089350 
343 32085350 32089350 
344 32085350 32089350 
345 32085350 32089350 
346 32085350 32089350 
347 32085350 32089350 
348 32085350 32089350 
349 32085350 32089350 
350 32085350 32089350 
351 32085350 32089350 
352 32085350 32089350 
353 32089350 32093350 
354 32089350 32093350 
355 32089350 32093350 
356 32089350 32093350 
357 32089350 32093350 
358 32089350 32093350 
359 32089350 32093350 
360 32089350 32093350 
361 32089350 32093350 
362 32089350 32093350 
363 32089350 32093350 
364 32089350 32093350 
365 32089350 32093350 
366 32089350 32093350 
367 32089350 32093350 
368 32089350 32093350 
369 32093350 32097350 
370 32093350 32097350 
371 32093350 32097350 
372 32093350 32097350 
373 32093350 32097350 
374 32093350 32097350 
375 32093350 32097350 
376 32093350 32097350 
377 32093350 32097350 
378 32093350 32097350 
379 32093350 32097350 
380 32093350 32097350 
381 32093350 32097350 
382 32093350 32097350 
383 32093350 32097350 
384 32093350 32097350 
385 32097350 32101350 
386 32097350 32101350 
387 32097350 32101350 
388 32097350 32101350 
389 32097350 32101350 
390 32097350 32101350 
391 32097350 32101350 
392 32097350 32101350 
393 32097350 32101350 
394 32097350 32101350 
395 32097350 32101350 
396 32097350 32101350 
397 32097350 32101350 
398 32097350 32101350 
399 32097350 32101350 
400 32097350 32101350 
401 32101350 32105350 
402 32101350 32105350 
403 32101350 32105350 
404 32101350 32105350 
405 32101350 32105350 
406 32101350 32105350 
407 32101350 32105350 
408 32101350 32105350 
409 32101350 32105350 
410 32101350 32105350 
411 32101350 32105350 
412 32101350 32105350 
413 32101350 32105350 
414 32101350 32105350 
415 32101350 32105350 
416 32101350 32105350 
417 32105350 32109350 
418 32105350 32109350 
419 32105350 32109350 
420 32105350 32109350 
421 32105350 32109350 
422 32105350 32109350 
423 32105350 32109350 
424 32105350 32109350 
425 32105350 32109350 
426 32105350 32109350 
427 32105350 32109350 
428 32105350 32109350 
429 32105350 32109350 
430 32105350 32109350 
431 32105350 32109350 
432 32105350 32109350 
433 32109350 32113350 
434 32109350 32113350 
435 32109350 32113350 
436 32109350 32113350 
437 32109350 32113350 
438 32109350 32113350 
439 32109350 32113350 
440 32109350 32113350 
441 32109350 32113350 
442 32109350 32113350 
443 32109350 32113350 
444 32109350 32113350 
445 32109350 32113350 
446 32109350 32113350 
447 32109350 32113350 
448 32109350 32113350 
449 32113350 32117350 
450 32113350 32117350 
451 32113350 32117350 
452 32113350 32117350 
453 32113350 32117350 
454 32113350 32117350 
455 32113350 32117350 
456 32113350 32117350 
457 32113350 32117350 
458 32113350 32117350 
459 32113350 32117350 
460 32113350 32117350 
461 32113350 32117350 
462 32113350 32117350 
463 32113350 32117350 
464 32113350 32117350 
465 32117350 32121350 
466 32117350 32121350 
467 32117350 32121350 
468 32117350 32121350 
469 32117350 32121350 
470 32117350 32121350 
471 32117350 32121350 
472 32117350 32121350 
473 32117350 32121350 
474 32117350 32121350 
475 32117350 32121350 
476 32117350 32121350 
477 32117350 32121350 
478 32117350 32121350 
479 32117350 32121350 
480 32117350 32121350 
481 32121350 32125350 
482 32121350 32125350 
483 32121350 32125350 
484 32121350 32125350 
485 32121350 32125350 
486 32121350 32125350 
487 32121350 32125350 
488 32121350 32125350 
489 32121350 32125350 
490 32121350 32125350 
491 32121350 32125350 
492 32121350 32125350 
493 32121350 32125350 
494 32121350 32125350 
495 32121350 32125350 
496 32121350 32125350 
497 32125350 32129350 
498 32125350 32129350 
499 32125350 32129350 
500 32125350 32129350 
501 32125350 32129350 
502 32125350 32129350 
503 32125350 32129350 
504 32125350 32129350 
505 32125350 32129350 
506 32125350 32129350 
507 32125350 32129350 
508 32125350 32129350 
509 32125350 32129350 
510 32125350 32129350 
511 32125350 32129350 
512 32125350 32129350 
513 32129350 32133350 
514 32129350 32133350 
515 32129350 32133350 
516 32129350 32133350 
517 32129350 32133350 
518 32129350 32133350 
519 32129350 32133350 
520 32129350 32133350 
521 32129350 32133350 
522 32129350 32133350 
523 32129350 32133350 
524 32129350 32133350 
525 32129350 32133350 
526 32129350 32133350 
527 32129350 32133350 
528 32129350 32133350 
529 32133350 32137350 
530 32133350 32137350 
531 32133350 32137350 
532 32133350 32137350 
533 32133350 32137350 
534 32133350 32137350 
535 32133350 32137350 
536 32133350 32137350 
537 32133350 32137350 
538 32133350 32137350 
539 32133350 32137350 
540 32133350 32137350 
541 32133350 32137350 
542 32133350 32137350 
543 32133350 32137350 
544 32133350 32137350 
545 32137350 32141350 
546 32137350 32141350 
547 32137350 32141350 
548 32137350 32141350 
549 32137350 32141350 
550 32137350 32141350 
551 32137350 32141350 
552 32137350 32141350 
553 32137350 32141350 
554 32137350 32141350 
555 32137350 32141350 
556 32137350 32141350 
557 32137350 32141350 
558 32137350 32141350 
559 32137350 32141350 
560 32137350 32141350 
561 32141350 32145350 
562 32141350 32145350 
563 32141350 32145350 
564 32141350 32145350 
565 32141350 32145350 
566 32141350 32145350 
567 32141350 32145350 
568 32141350 32145350 
569 32141350 32145350 
570 32141350 32145350 
571 32141350 32145350 
572 32141350 32145350 
573 32141350 32145350 
574 32141350 32145350 
575 32141350 32145350 
576 32141350 32145350 
577 32145350 32149350 
578 32145350 32149350 
579 32145350 32149350 
580 32145350 32149350 
581 32145350 32149350 
582 32145350 32149350 
583 32145350 32149350 
584 32145350 32149350 
585 32145350 32149350 
586 32145350 32149350 
587 32145350 32149350 
588 32145350 32149350 
589 32145350 32149350 
590 32145350 32149350 
591 32145350 32149350 
592 32145350 32149350 
593 32149350 32153350 
594 32149350 32153350 
595 32149350 32153350 
596 32149350 32153350 
597 32149350 32153350 
598 32149350 32153350 
599 32149350 32153350 
600 32149350 32153350 
601 32149350 32153350 
602 32149350 32153350 
603 32149350 32153350 
604 32149350 32153350 
605 32149350 32153350 
606 32149350 32153350 
607 32149350 32153350 
608 32149350 32153350 
609 32153350 32157350 
610 32153350 32157350 
611 32153350 32157350 
612 32153350 32157350 
613 32153350 32157350 
614 32153350 32157350 
615 32153350 32157350 
616 32153350 32157350 
617 32153350 32157350 
618 32153350 32157350 
619 32153350 32157350 
620 32153350 32157350 
621 32153350 32157350 
622 32153350 32157350 
623 32153350 32157350 
624 32153350 32157350 
625 32157350 32161350 
626 32157350 32161350 
627 32157350 32161350 
628 32157350 32161350 
629 32157350 32161350 
630 32157350 32161350 
631 32157350 32161350 
632 32157350 32161350 
633 32157350 32161350 
634 32157350 32161350 
635 32157350 32161350 
636 32157350 32161350 
637 32157350 32161350 
638 32157350 32161350 
639 32157350 32161350 
640 32157350 32161350 
641 32161350 32165350 
642 32161350 32165350 
643 32161350 32165350 
644 32161350 32165350 
645 32161350 32165350 
646 32161350 32165350 
647 32161350 32165350 
648 32161350 32165350 
649 32161350 32165350 
650 32161350 32165350 
651 32161350 32165350 
652 32161350 32165350 
653 32161350 32165350 
654 32161350 32165350 
655 32161350 32165350 
656 32161350 32165350 
657 32165350 32169350 
658 32165350 32169350 
659 32165350 32169350 
660 32165350 32169350 
661 32165350 32169350 
662 32165350 32169350 
663 32165350 32169350 
664 32165350 32169350 
665 32165350 32169350 
666 32165350 32169350 
667 32165350 32169350 
668 32165350 32169350 
669 32165350 32169350 
670 32165350 32169350 
671 32165350 32169350 
672 32165350 32169350 
673 32169350 32173350 
674 32169350 32173350 
675 32169350 32173350 
676 32169350 32173350 
677 32169350 32173350 
678 32169350 32173350 
679 32169350 32173350 
680 32169350 32173350 
681 32169350 32173350 
682 32169350 32173350 
683 32169350 32173350 
684 32169350 32173350 
685 32169350 32173350 
686 32169350 32173350 
687 32169350 32173350 
688 32169350 32173350 
689 32173350 32177350 
690 32173350 32177350 
691 32173350 32177350 
692 32173350 32177350 
693 32173350 32177350 
694 32173350 32177350 
695 32173350 32177350 
696 32173350 32177350 
697 32173350 32177350 
698 32173350 32177350 
699 32173350 32177350 
700 32173350 32177350 
701 32173350 32177350 
702 32173350 32177350 
703 32173350 32177350 
704 32173350 32177350 
705 32177350 32181350 
706 32177350 32181350 
707 32177350 32181350 
708 32177350 32181350 
709 32177350 32181350 
710 32177350 32181350 
711 32177350 32181350 
712 32177350 32181350 
713 32177350 32181350 
714 32177350 32181350 
715 32177350 32181350 
716 32177350 32181350 
717 32177350 32181350 
718 32177350 32181350 
719 32177350 32181350 
720 32177350 32181350 
721 32181350 32185350 
722 32181350 32185350 
723 32181350 32185350 
724 32181350 32185350 
725 32181350 32185350 
726 32181350 32185350 
727 32181350 32185350 
728 32181350 32185350 
729 32181350 32185350 
730 32181350 32185350 
731 32181350 32185350 
732 32181350 32185350 
733 32181350 32185350 
734 32181350 32185350 
735 32181350 32185350 
736 32181350 32185350 
737 32185350 32189350 
738 32185350 32189350 
739 32185350 32189350 
740 32185350 32189350 
741 32185350 32189350 
742 32185350 32189350 
743 32185350 32189350 
744 32185350 32189350 
745 32185350 32189350 
746 32185350 32189350 
747 32185350 32189350 
748 32185350 32189350 
749 32185350 32189350 
750 32185350 32189350 
751 32185350 32189350 
752 32185350 32189350 
753 32189350 32193350 
754 32189350 32193350 
755 32189350 32193350 
756 32189350 32193350 
757 32189350 32193350 
758 32189350 32193350 
759 32189350 32193350 
760 32189350 32193350 
761 32189350 32193350 
762 32189350 32193350 
763 32189350 32193350 
764 32189350 32193350 
765 32189350 32193350 
766 32189350 32193350 
767 32189350 32193350 
768 32189350 32193350 
769 32193350 32197350 
770 32193350 32197350 
771 32193350 32197350 
772 32193350 32197350 
773 32193350 32197350 
774 32193350 32197350 
775 32193350 32197350 
776 32193350 32197350 
777 32193350 32197350 
778 32193350 32197350 
779 32193350 32197350 
780 32193350 32197350 
781 32193350 32197350 
782 32193350 32197350 
783 32193350 32197350 
784 32193350 32197350 
785 32197350 32201350 
786 32197350 32201350 
787 32197350 32201350 
788 32197350 32201350 
789 32197350 32201350 
790 32197350 32201350 
791 32197350 32201350 
792 32197350 32201350 
793 32197350 32201350 
794 32197350 32201350 
795 32197350 32201350 
796 32197350 32201350 
797 32197350 32201350 
798 32197350 32201350 
799 32197350 32201350 
800 32197350 32201350 
801 32201350 32205350 
802 32201350 32205350 
803 32201350 32205350 
804 32201350 32205350 
805 32201350 32205350 
806 32201350 32205350 
807 32201350 32205350 
808 32201350 32205350 
809 32201350 32205350 
810 32201350 32205350 
811 32201350 32205350 
812 32201350 32205350 
813 32201350 32205350 
814 32201350 32205350 
815 32201350 32205350 
816 32201350 32205350 
817 32205350 32209350 
818 32205350 32209350 
819 32205350 32209350 
820 32205350 32209350 
821 32205350 32209350 
822 32205350 32209350 
823 32205350 32209350 
824 32205350 32209350 
825 32205350 32209350 
826 32205350 32209350 
827 32205350 32209350 
828 32205350 32209350 
829 32205350 32209350 
830 32205350 32209350 
831 32205350 32209350 
832 32205350 32209350 
833 32209350 32213350 
834 32209350 32213350 
835 32209350 32213350 
836 32209350 32213350 
837 32209350 32213350 
838 32209350 32213350 
839 32209350 32213350 
840 32209350 32213350 
841 32209350 32213350 
842 32209350 32213350 
843 32209350 32213350 
844 32209350 32213350 
845 32209350 32213350 
846 32209350 32213350 
847 32209350 32213350 
848 32209350 32213350 
849 32213350 32217350 
850 32213350 32217350 
851 32213350 32217350 
852 32213350 32217350 
853 32213350 32217350 
854 32213350 32217350 
855 32213350 32217350 
856 32213350 32217350 
857 32213350 32217350 
858 32213350 32217350 
859 32213350 32217350 
860 32213350 32217350 
861 32213350 32217350 
862 32213350 32217350 
863 32213350 32217350 
864 32213350 32217350 
865 32217350 32221350 
866 32217350 32221350 
867 32217350 32221350 
868 32217350 32221350 
869 32217350 32221350 
870 32217350 32221350 
871 32217350 32221350 
872 32217350 32221350 
873 32217350 32221350 
874 32217350 32221350 
875 32217350 32221350 
876 32217350 32221350 
877 32217350 32221350 
878 32217350 32221350 
879 32217350 32221350 
880 32217350 32221350 
881 32221350 32225350 
882 32221350 32225350 
883 32221350 32225350 
884 32221350 32225350 
885 32221350 32225350 
886 32221350 32225350 
887 32221350 32225350 
888 32221350 32225350 
889 32221350 32225350 
890 32221350 32225350 
891 32221350 32225350 
892 32221350 32225350 
893 32221350 32225350 
894 32221350 32225350 
895 32221350 32225350 
896 32221350 32225350 
897 32225350 32229350 
898 32225350 32229350 
899 32225350 32229350 
900 32225350 32229350 
901 32225350 32229350 
902 32225350 32229350 
903 32225350 32229350 
904 32225350 32229350 
905 32225350 32229350 
906 32225350 32229350 
907 32225350 32229350 
908 32225350 32229350 
909 32225350 32229350 
910 32225350 32229350 
911 32225350 32229350 
912 32225350 32229350 
913 32229350 32233350 
914 32229350 32233350 
915 32229350 32233350 
916 32229350 32233350 
917 32229350 32233350 
918 32229350 32233350 
919 32229350 32233350 
920 32229350 32233350 
921 32229350 32233350 
922 32229350 32233350 
923 32229350 32233350 
924 32229350 32233350 
925 32229350 32233350 
926 32229350 32233350 
927 32229350 32233350 
928 32229350 32233350 
929 32233350 32237350 
930 32233350 32237350 
931 32233350 32237350 
932 32233350 32237350 
933 32233350 32237350 
934 32233350 32237350 
935 32233350 32237350 
936 32233350 32237350 
937 32233350 32237350 
938 32233350 32237350 
939 32233350 32237350 
940 32233350 32237350 
941 32233350 32237350 
942 32233350 32237350 
943 32233350 32237350 
944 32233350 32237350 
945 32237350 32241350 
946 32237350 32241350 
947 32237350 32241350 
948 32237350 32241350 
949 32237350 32241350 
950 32237350 32241350 
951 32237350 32241350 
952 32237350 32241350 
953 32237350 32241350 
954 32237350 32241350 
955 32237350 32241350 
956 32237350 32241350 
957 32237350 32241350 
958 32237350 32241350 
959 32237350 32241350 
960 32237350 32241350 
961 32241350 32245350 
962 32241350 32245350 
963 32241350 32245350 
964 32241350 32245350 
965 32241350 32245350 
966 32241350 32245350 
967 32241350 32245350 
968 32241350 32245350 
969 32241350 32245350 
970 32241350 32245350 
971 32241350 32245350 
972 32241350 32245350 
973 32241350 32245350 
974 32241350 32245350 
975 32241350 32245350 
976 32241350 32245350 
977 32245350 32249350 
978 32245350 32249350 
979 32245350 32249350 
980 32245350 32249350 
981 32245350 32249350 
982 32245350 32249350 
983 32245350 32249350 
984 32245350 32249350 
985 32245350 32249350 
986 32245350 32249350 
987 32245350 32249350 
988 32245350 32249350 
989 32245350 32249350 
990 32245350 32249350 
991 32245350 32249350 
992 32245350 32249350 
993 32249350 32253350 
994 32249350 32253350 
995 32249350 32253350 
996 32249350 32253350 
997 32249350 32253350 
998 32249350 32253350 
999 32249350 32253350 
1000 32249350 32253350 
1001 32249350 32253350 
1002 32249350 32253350 
1003 32249350 32253350 
1004 32249350 32253350 
1005 32249350 32253350 
1006 32249350 32253350 
1007 32249350 32253350 
1008 32249350 32253350 
1009 32253350 32257350 
1010 32253350 32257350 
1011 32253350 32257350 
1012 32253350 32257350 
1013 32253350 32257350 
1014 32253350 32257350 
1015 32253350 32257350 
1016 32253350 32257350 
1017 32253350 32257350 
1018 32253350 32257350 
1019 32253350 32257350 
1020 32253350 32257350 
1021 32253350 32257350 
1022 32253350 32257350 
1023 32253350 32257350 
1024 32253350 32257350 
1025 32257350 32261350 
1026 32257350 32261350 
1027 32257350 32261350 
1028 32257350 32261350 
1029 32257350 32261350 
1030 32257350 32261350 
1031 32257350 32261350 
1032 32257350 32261350 
1033 32257350 32261350 
1034 32257350 32261350 
1035 32257350 32261350 
1036 32257350 32261350 
1037 32257350 32261350 
1038 32257350 32261350 
1039 32257350 32261350 
1040 32257350 32261350 
1041 32261350 32265350 
1042 32261350 32265350 
1043 32261350 32265350 
1044 32261350 32265350 
1045 32261350 32265350 
1046 32261350 32265350 
1047 32261350 32265350 
1048 32261350 32265350 
1049 32261350 32265350 
1050 32261350 32265350 
1051 32261350 32265350 
1052 32261350 32265350 
1053 32261350 32265350 
1054 32261350 32265350 
1055 32261350 32265350 
1056 32261350 32265350 
1057 32265350 32269350 
1058 32265350 32269350 
1059 32265350 32269350 
1060 32265350 32269350 
1061 32265350 32269350 
1062 32265350 32269350 
1063 32265350 32269350 
1064 32265350 32269350 
1065 32265350 32269350 
1066 32265350 32269350 
1067 32265350 32269350 
1068 32265350 32269350 
1069 32265350 32269350 
1070 32265350 32269350 
1071 32265350 32269350 
1072 32265350 32269350 
1073 32269350 32273350 
1074 32269350 32273350 
1075 32269350 32273350 
1076 32269350 32273350 
1077 32269350 32273350 
1078 32269350 32273350 
1079 32269350 32273350 
1080 32269350 32273350 
1081 32269350 32273350 
1082 32269350 32273350 
1083 32269350 32273350 
1084 32269350 32273350 
1085 32269350 32273350 
1086 32269350 32273350 
1087 32269350 32273350 
1088 32269350 32273350 
1089 32273350 32277350 
1090 32273350 32277350 
1091 32273350 32277350 
1092 32273350 32277350 
1093 32273350 32277350 
1094 32273350 32277350 
1095 32273350 32277350 
1096 32273350 32277350 
1097 32273350 32277350 
1098 32273350 32277350 
1099 32273350 32277350 
1100 32273350 32277350 
1101 32273350 32277350 
1102 32273350 32277350 
1103 32273350 32277350 
1104 32273350 32277350 
1105 32277350 32281350 
1106 32277350 32281350 
1107 32277350 32281350 
1108 32277350 32281350 
1109 32277350 32281350 
1110 32277350 32281350 
1111 32277350 32281350 
1112 32277350 32281350 
1113 32277350 32281350 
1114 32277350 32281350 
1115 32277350 32281350 
1116 32277350 32281350 
1117 32277350 32281350 
1118 32277350 32281350 
1119 32277350 32281350 
1120 32277350 32281350 
1121 32281350 32285350 
1122 32281350 32285350 
1123 32281350 32285350 
1124 32281350 32285350 
1125 32281350 32285350 
1126 32281350 32285350 
1127 32281350 32285350 
1128 32281350 32285350 
1129 32281350 32285350 
1130 32281350 32285350 
1131 32281350 32285350 
1132 32281350 32285350 
1133 32281350 32285350 
1134 32281350 32285350 
1135 32281350 32285350 
1136 32281350 32285350 
1137 32285350 32289350 
1138 32285350 32289350 
1139 32285350 32289350 
1140 32285350 32289350 
1141 32285350 32289350 
1142 32285350 32289350 
1143 32285350 32289350 
1144 32285350 32289350 
1145 32285350 32289350 
1146 32285350 32289350 
1147 32285350 32289350 
1148 32285350 32289350 
1149 32285350 32289350 
1150 32285350 32289350 
1151 32285350 32289350 
1152 32285350 32289350 
1153 32289350 32293350 
1154 32289350 32293350 
1155 32289350 32293350 
1156 32289350 32293350 
1157 32289350 32293350 
1158 32289350 32293350 
1159 32289350 32293350 
1160 32289350 32293350 
1161 32289350 32293350 
1162 32289350 32293350 
1163 32289350 32293350 
1164 32289350 32293350 
1165 32289350 32293350 
1166 32289350 32293350 
1167 32289350 32293350 
1168 32289350 32293350 
1169 32293350 32297350 
1170 32293350 32297350 
1171 32293350 32297350 
1172 32293350 32297350 
1173 32293350 32297350 
1174 32293350 32297350 
1175 32293350 32297350 
1176 32293350 32297350 
1177 32293350 32297350 
1178 32293350 32297350 
1179 32293350 32297350 
1180 32293350 32297350 
1181 32293350 32297350 
1182 32293350 32297350 
1183 32293350 32297350 
1184 32293350 32297350 
1185 32297350 32301350 
1186 32297350 32301350 
1187 32297350 32301350 
1188 32297350 32301350 
1189 32297350 32301350 
1190 32297350 32301350 
1191 32297350 32301350 
1192 32297350 32301350 
1193 32297350 32301350 
1194 32297350 32301350 
1195 32297350 32301350 
1196 32297350 32301350 
1197 32297350 32301350 
1198 32297350 32301350 
1199 32297350 32301350 
1200 32297350 32301350 
