60000	95000	2.0
60000	110000	1.0
60000	140000	1.0
60000	145000	1.0
60000	165000	1.0
60000	175000	1.0
60000	325000	1.0
60000	520000	1.0
65000	80000	4.0
65000	85000	4.0
65000	90000	2.0
65000	110000	2.0
65000	125000	3.0
65000	140000	1.0
65000	150000	1.0
65000	155000	1.0
65000	160000	1.0
65000	165000	1.0
65000	170000	2.0
65000	215000	1.0
65000	225000	1.0
65000	235000	2.0
65000	250000	1.0
65000	255000	1.0
65000	345000	1.0
65000	385000	1.0
65000	470000	1.0
65000	520000	1.0
65000	540000	1.0
70000	80000	4.0
70000	85000	6.0
70000	90000	4.0
70000	105000	4.0
70000	110000	2.0
70000	115000	2.0
70000	120000	3.0
70000	125000	1.0
70000	130000	2.0
70000	135000	2.0
70000	140000	1.0
70000	145000	2.0
70000	150000	1.0
70000	155000	6.0
70000	160000	1.0
70000	170000	2.0
70000	175000	2.0
70000	185000	1.0
70000	220000	1.0
70000	230000	1.0
70000	245000	1.0
70000	260000	1.0
70000	280000	1.0
70000	305000	1.0
70000	315000	1.0
70000	325000	1.0
70000	340000	1.0
70000	355000	1.0
70000	360000	1.0
70000	375000	1.0
70000	390000	1.0
70000	405000	1.0
70000	410000	2.0
70000	415000	2.0
70000	430000	2.0
70000	435000	1.0
70000	465000	1.0
70000	470000	1.0
70000	475000	3.0
70000	535000	1.0
75000	85000	1.0
75000	90000	1.0
75000	115000	1.0
75000	175000	1.0
80000	80000	359.0
80000	85000	352.0
80000	90000	112.0
80000	95000	79.0
80000	100000	73.0
80000	105000	58.0
80000	110000	22.0
80000	115000	34.0
80000	120000	30.0
80000	125000	31.0
80000	130000	34.0
80000	135000	18.0
80000	140000	36.0
80000	145000	33.0
80000	150000	23.0
80000	155000	34.0
80000	160000	15.0
80000	165000	13.0
80000	170000	10.0
80000	175000	23.0
80000	180000	14.0
80000	185000	11.0
80000	190000	15.0
80000	195000	9.0
80000	200000	6.0
80000	205000	7.0
80000	210000	6.0
80000	215000	12.0
80000	220000	3.0
80000	225000	12.0
80000	230000	6.0
80000	235000	7.0
80000	240000	9.0
80000	245000	9.0
80000	250000	10.0
80000	255000	13.0
80000	260000	14.0
80000	265000	7.0
80000	270000	6.0
80000	275000	5.0
80000	280000	4.0
80000	285000	8.0
80000	290000	5.0
80000	295000	2.0
80000	300000	6.0
80000	305000	7.0
80000	310000	5.0
80000	315000	7.0
80000	320000	11.0
80000	325000	7.0
80000	330000	6.0
80000	335000	6.0
80000	340000	9.0
80000	345000	6.0
80000	350000	10.0
80000	355000	4.0
80000	360000	6.0
80000	365000	4.0
80000	370000	9.0
80000	375000	8.0
80000	380000	8.0
80000	385000	2.0
80000	390000	3.0
80000	395000	7.0
80000	400000	6.0
80000	405000	9.0
80000	410000	7.0
80000	415000	13.0
80000	420000	8.0
80000	425000	2.0
80000	430000	6.0
80000	435000	3.0
80000	440000	10.0
80000	445000	7.0
80000	450000	5.0
80000	455000	3.0
80000	460000	1.0
80000	465000	4.0
80000	470000	2.0
80000	475000	5.0
80000	480000	5.0
80000	485000	5.0
80000	490000	6.0
80000	500000	2.0
80000	505000	2.0
80000	510000	5.0
80000	515000	1.0
80000	520000	2.0
80000	525000	3.0
80000	530000	6.0
80000	535000	6.0
80000	540000	4.0
80000	545000	3.0
80000	550000	3.0
80000	555000	4.0
80000	560000	1.0
85000	85000	1560.0
85000	90000	503.0
85000	95000	293.0
85000	100000	248.0
85000	105000	205.0
85000	110000	87.0
85000	115000	131.0
85000	120000	129.0
85000	125000	100.0
85000	130000	79.0
85000	135000	73.0
85000	140000	143.0
85000	145000	78.0
85000	150000	48.0
85000	155000	65.0
85000	160000	48.0
85000	165000	60.0
85000	170000	26.0
85000	175000	48.0
85000	180000	39.0
85000	185000	42.0
85000	190000	42.0
85000	195000	34.0
85000	200000	35.0
85000	205000	29.0
85000	210000	22.0
85000	215000	30.0
85000	220000	16.0
85000	225000	21.0
85000	230000	31.0
85000	235000	25.0
85000	240000	25.0
85000	245000	32.0
85000	250000	32.0
85000	255000	39.0
85000	260000	32.0
85000	265000	34.0
85000	270000	20.0
85000	275000	25.0
85000	280000	25.0
85000	285000	19.0
85000	290000	18.0
85000	295000	25.0
85000	300000	15.0
85000	305000	18.0
85000	310000	14.0
85000	315000	28.0
85000	320000	16.0
85000	325000	15.0
85000	330000	8.0
85000	335000	25.0
85000	340000	19.0
85000	345000	11.0
85000	350000	20.0
85000	355000	18.0
85000	360000	20.0
85000	365000	25.0
85000	370000	15.0
85000	375000	25.0
85000	380000	23.0
85000	385000	15.0
85000	390000	13.0
85000	395000	27.0
85000	400000	14.0
85000	405000	28.0
85000	410000	30.0
85000	415000	35.0
85000	420000	34.0
85000	425000	19.0
85000	430000	22.0
85000	435000	16.0
85000	440000	10.0
85000	445000	22.0
85000	450000	18.0
85000	455000	6.0
85000	460000	10.0
85000	465000	13.0
85000	470000	18.0
85000	475000	16.0
85000	480000	12.0
85000	485000	13.0
85000	490000	11.0
85000	495000	9.0
85000	500000	9.0
85000	505000	11.0
85000	510000	10.0
85000	515000	9.0
85000	520000	12.0
85000	525000	5.0
85000	530000	11.0
85000	535000	14.0
85000	540000	10.0
85000	545000	8.0
85000	550000	10.0
85000	555000	16.0
85000	560000	7.0
90000	90000	1003.0
90000	95000	380.0
90000	100000	236.0
90000	105000	181.0
90000	110000	97.0
90000	115000	94.0
90000	120000	123.0
90000	125000	102.0
90000	130000	59.0
90000	135000	55.0
90000	140000	107.0
90000	145000	55.0
90000	150000	35.0
90000	155000	39.0
90000	160000	51.0
90000	165000	43.0
90000	170000	33.0
90000	175000	28.0
90000	180000	25.0
90000	185000	29.0
90000	190000	27.0
90000	195000	25.0
90000	200000	33.0
90000	205000	19.0
90000	210000	17.0
90000	215000	18.0
90000	220000	21.0
90000	225000	24.0
90000	230000	25.0
90000	235000	20.0
90000	240000	28.0
90000	245000	21.0
90000	250000	24.0
90000	255000	23.0
90000	260000	36.0
90000	265000	29.0
90000	270000	20.0
90000	275000	18.0
90000	280000	17.0
90000	285000	10.0
90000	290000	20.0
90000	295000	17.0
90000	300000	15.0
90000	305000	13.0
90000	310000	9.0
90000	315000	16.0
90000	320000	23.0
90000	325000	20.0
90000	330000	6.0
90000	335000	16.0
90000	340000	11.0
90000	345000	9.0
90000	350000	17.0
90000	355000	13.0
90000	360000	22.0
90000	365000	26.0
90000	370000	13.0
90000	375000	18.0
90000	380000	17.0
90000	385000	10.0
90000	390000	13.0
90000	395000	27.0
90000	400000	12.0
90000	405000	33.0
90000	410000	22.0
90000	415000	42.0
90000	420000	27.0
90000	425000	13.0
90000	430000	14.0
90000	435000	20.0
90000	440000	18.0
90000	445000	15.0
90000	450000	4.0
90000	455000	6.0
90000	460000	16.0
90000	465000	9.0
90000	470000	16.0
90000	475000	9.0
90000	480000	9.0
90000	485000	5.0
90000	490000	8.0
90000	495000	9.0
90000	500000	7.0
90000	505000	9.0
90000	510000	6.0
90000	515000	7.0
90000	520000	4.0
90000	525000	9.0
90000	530000	4.0
90000	535000	7.0
90000	540000	9.0
90000	545000	9.0
90000	550000	6.0
90000	555000	14.0
90000	560000	6.0
95000	95000	675.0
95000	100000	328.0
95000	105000	218.0
95000	110000	101.0
95000	115000	85.0
95000	120000	106.0
95000	125000	98.0
95000	130000	57.0
95000	135000	61.0
95000	140000	96.0
95000	145000	63.0
95000	150000	41.0
95000	155000	39.0
95000	160000	50.0
95000	165000	40.0
95000	170000	29.0
95000	175000	26.0
95000	180000	24.0
95000	185000	28.0
95000	190000	25.0
95000	195000	19.0
95000	200000	20.0
95000	205000	16.0
95000	210000	15.0
95000	215000	15.0
95000	220000	18.0
95000	225000	18.0
95000	230000	23.0
95000	235000	13.0
95000	240000	24.0
95000	245000	20.0
95000	250000	28.0
95000	255000	29.0
95000	260000	17.0
95000	265000	19.0
95000	270000	16.0
95000	275000	18.0
95000	280000	33.0
95000	285000	13.0
95000	290000	14.0
95000	295000	13.0
95000	300000	14.0
95000	305000	9.0
95000	310000	12.0
95000	315000	12.0
95000	320000	22.0
95000	325000	15.0
95000	330000	6.0
95000	335000	16.0
95000	340000	8.0
95000	345000	9.0
95000	350000	15.0
95000	355000	9.0
95000	360000	18.0
95000	365000	16.0
95000	370000	16.0
95000	375000	12.0
95000	380000	13.0
95000	385000	11.0
95000	390000	15.0
95000	395000	17.0
95000	400000	18.0
95000	405000	29.0
95000	410000	14.0
95000	415000	36.0
95000	420000	29.0
95000	425000	12.0
95000	430000	5.0
95000	435000	10.0
95000	440000	12.0
95000	445000	27.0
95000	450000	8.0
95000	455000	9.0
95000	460000	10.0
95000	465000	7.0
95000	470000	10.0
95000	475000	13.0
95000	480000	12.0
95000	485000	8.0
95000	490000	11.0
95000	495000	2.0
95000	500000	1.0
95000	505000	4.0
95000	510000	11.0
95000	515000	6.0
95000	520000	9.0
95000	525000	8.0
95000	530000	8.0
95000	535000	8.0
95000	540000	9.0
95000	545000	9.0
95000	550000	8.0
95000	555000	6.0
95000	560000	4.0
100000	100000	818.0
100000	105000	450.0
100000	110000	140.0
100000	115000	149.0
100000	120000	151.0
100000	125000	111.0
100000	130000	86.0
100000	135000	70.0
100000	140000	117.0
100000	145000	92.0
100000	150000	55.0
100000	155000	72.0
100000	160000	44.0
100000	165000	42.0
100000	170000	24.0
100000	175000	53.0
100000	180000	34.0
100000	185000	42.0
100000	190000	47.0
100000	195000	24.0
100000	200000	32.0
100000	205000	29.0
100000	210000	23.0
100000	215000	23.0
100000	220000	13.0
100000	225000	32.0
100000	230000	32.0
100000	235000	22.0
100000	240000	27.0
100000	245000	34.0
100000	250000	22.0
100000	255000	30.0
100000	260000	26.0
100000	265000	24.0
100000	270000	23.0
100000	275000	24.0
100000	280000	27.0
100000	285000	21.0
100000	290000	25.0
100000	295000	19.0
100000	300000	21.0
100000	305000	22.0
100000	310000	13.0
100000	315000	20.0
100000	320000	22.0
100000	325000	15.0
100000	330000	10.0
100000	335000	19.0
100000	340000	19.0
100000	345000	10.0
100000	350000	21.0
100000	355000	15.0
100000	360000	24.0
100000	365000	26.0
100000	370000	17.0
100000	375000	16.0
100000	380000	15.0
100000	385000	12.0
100000	390000	13.0
100000	395000	24.0
100000	400000	27.0
100000	405000	27.0
100000	410000	27.0
100000	415000	32.0
100000	420000	27.0
100000	425000	12.0
100000	430000	15.0
100000	435000	12.0
100000	440000	16.0
100000	445000	23.0
100000	450000	22.0
100000	455000	7.0
100000	460000	18.0
100000	465000	14.0
100000	470000	18.0
100000	475000	8.0
100000	480000	10.0
100000	485000	20.0
100000	490000	13.0
100000	495000	5.0
100000	500000	6.0
100000	505000	5.0
100000	510000	15.0
100000	515000	8.0
100000	520000	16.0
100000	525000	6.0
100000	530000	3.0
100000	535000	12.0
100000	540000	10.0
100000	545000	11.0
100000	550000	8.0
100000	555000	8.0
100000	560000	6.0
105000	105000	1522.0
105000	110000	454.0
105000	115000	252.0
105000	120000	258.0
105000	125000	161.0
105000	130000	146.0
105000	135000	110.0
105000	140000	198.0
105000	145000	173.0
105000	150000	106.0
105000	155000	132.0
105000	160000	76.0
105000	165000	82.0
105000	170000	55.0
105000	175000	83.0
105000	180000	53.0
105000	185000	56.0
105000	190000	38.0
105000	195000	32.0
105000	200000	37.0
105000	205000	27.0
105000	210000	30.0
105000	215000	30.0
105000	220000	22.0
105000	225000	44.0
105000	230000	60.0
105000	235000	28.0
105000	240000	47.0
105000	245000	40.0
105000	250000	31.0
105000	255000	46.0
105000	260000	48.0
105000	265000	32.0
105000	270000	34.0
105000	275000	33.0
105000	280000	36.0
105000	285000	33.0
105000	290000	26.0
105000	295000	27.0
105000	300000	25.0
105000	305000	30.0
105000	310000	17.0
105000	315000	16.0
105000	320000	30.0
105000	325000	25.0
105000	330000	5.0
105000	335000	25.0
105000	340000	17.0
105000	345000	24.0
105000	350000	34.0
105000	355000	18.0
105000	360000	28.0
105000	365000	24.0
105000	370000	21.0
105000	375000	30.0
105000	380000	19.0
105000	385000	19.0
105000	390000	22.0
105000	395000	30.0
105000	400000	34.0
105000	405000	40.0
105000	410000	24.0
105000	415000	52.0
105000	420000	41.0
105000	425000	20.0
105000	430000	20.0
105000	435000	23.0
105000	440000	21.0
105000	445000	29.0
105000	450000	21.0
105000	455000	11.0
105000	460000	21.0
105000	465000	17.0
105000	470000	22.0
105000	475000	20.0
105000	480000	11.0
105000	485000	17.0
105000	490000	20.0
105000	495000	15.0
105000	500000	8.0
105000	505000	15.0
105000	510000	18.0
105000	515000	16.0
105000	520000	10.0
105000	525000	9.0
105000	530000	5.0
105000	535000	14.0
105000	540000	11.0
105000	545000	20.0
105000	550000	18.0
105000	555000	8.0
105000	560000	5.0
110000	110000	609.0
110000	115000	179.0
110000	120000	121.0
110000	125000	74.0
110000	130000	67.0
110000	135000	67.0
110000	140000	91.0
110000	145000	99.0
110000	150000	64.0
110000	155000	82.0
110000	160000	47.0
110000	165000	41.0
110000	170000	33.0
110000	175000	35.0
110000	180000	33.0
110000	185000	32.0
110000	190000	22.0
110000	195000	23.0
110000	200000	21.0
110000	205000	12.0
110000	210000	18.0
110000	215000	15.0
110000	220000	13.0
110000	225000	33.0
110000	230000	29.0
110000	235000	22.0
110000	240000	26.0
110000	245000	33.0
110000	250000	17.0
110000	255000	31.0
110000	260000	20.0
110000	265000	29.0
110000	270000	10.0
110000	275000	20.0
110000	280000	18.0
110000	285000	22.0
110000	290000	18.0
110000	295000	17.0
110000	300000	7.0
110000	305000	11.0
110000	310000	11.0
110000	315000	10.0
110000	320000	13.0
110000	325000	8.0
110000	330000	3.0
110000	335000	9.0
110000	340000	13.0
110000	345000	6.0
110000	350000	23.0
110000	355000	11.0
110000	360000	17.0
110000	365000	17.0
110000	370000	7.0
110000	375000	13.0
110000	380000	5.0
110000	385000	14.0
110000	390000	10.0
110000	395000	19.0
110000	400000	15.0
110000	405000	22.0
110000	410000	21.0
110000	415000	23.0
110000	420000	18.0
110000	425000	10.0
110000	430000	15.0
110000	435000	7.0
110000	440000	21.0
110000	445000	14.0
110000	450000	8.0
110000	455000	6.0
110000	460000	10.0
110000	465000	16.0
110000	470000	9.0
110000	475000	7.0
110000	480000	13.0
110000	485000	10.0
110000	490000	6.0
110000	495000	5.0
110000	500000	4.0
110000	505000	5.0
110000	510000	10.0
110000	515000	12.0
110000	520000	5.0
110000	525000	6.0
110000	530000	4.0
110000	535000	8.0
110000	540000	6.0
110000	545000	12.0
110000	550000	2.0
110000	555000	7.0
110000	560000	2.0
115000	115000	1438.0
115000	120000	388.0
115000	125000	190.0
115000	130000	157.0
115000	135000	109.0
115000	140000	234.0
115000	145000	193.0
115000	150000	102.0
115000	155000	129.0
115000	160000	73.0
115000	165000	78.0
115000	170000	51.0
115000	175000	70.0
115000	180000	56.0
115000	185000	61.0
115000	190000	46.0
115000	195000	46.0
115000	200000	35.0
115000	205000	29.0
115000	210000	21.0
115000	215000	24.0
115000	220000	23.0
115000	225000	51.0
115000	230000	60.0
115000	235000	27.0
115000	240000	52.0
115000	245000	34.0
115000	250000	33.0
115000	255000	54.0
115000	260000	39.0
115000	265000	37.0
115000	270000	24.0
115000	275000	28.0
115000	280000	29.0
115000	285000	20.0
115000	290000	31.0
115000	295000	18.0
115000	300000	29.0
115000	305000	27.0
115000	310000	18.0
115000	315000	9.0
115000	320000	21.0
115000	325000	24.0
115000	330000	11.0
115000	335000	22.0
115000	340000	11.0
115000	345000	14.0
115000	350000	27.0
115000	355000	20.0
115000	360000	15.0
115000	365000	25.0
115000	370000	21.0
115000	375000	35.0
115000	380000	23.0
115000	385000	22.0
115000	390000	15.0
115000	395000	21.0
115000	400000	20.0
115000	405000	36.0
115000	410000	36.0
115000	415000	39.0
115000	420000	41.0
115000	425000	23.0
115000	430000	18.0
115000	435000	21.0
115000	440000	18.0
115000	445000	22.0
115000	450000	14.0
115000	455000	8.0
115000	460000	12.0
115000	465000	13.0
115000	470000	12.0
115000	475000	14.0
115000	480000	23.0
115000	485000	15.0
115000	490000	17.0
115000	495000	9.0
115000	500000	14.0
115000	505000	9.0
115000	510000	11.0
115000	515000	12.0
115000	520000	9.0
115000	525000	10.0
115000	530000	3.0
115000	535000	11.0
115000	540000	8.0
115000	545000	14.0
115000	550000	11.0
115000	555000	17.0
115000	560000	7.0
120000	120000	1470.0
120000	125000	328.0
120000	130000	216.0
120000	135000	132.0
120000	140000	247.0
120000	145000	185.0
120000	150000	99.0
120000	155000	126.0
120000	160000	74.0
120000	165000	86.0
120000	170000	56.0
120000	175000	87.0
120000	180000	48.0
120000	185000	65.0
120000	190000	48.0
120000	195000	40.0
120000	200000	31.0
120000	205000	39.0
120000	210000	28.0
120000	215000	21.0
120000	220000	25.0
120000	225000	52.0
120000	230000	43.0
120000	235000	34.0
120000	240000	49.0
120000	245000	54.0
120000	250000	33.0
120000	255000	51.0
120000	260000	50.0
120000	265000	32.0
120000	270000	34.0
120000	275000	40.0
120000	280000	24.0
120000	285000	21.0
120000	290000	27.0
120000	295000	18.0
120000	300000	24.0
120000	305000	18.0
120000	310000	16.0
120000	315000	21.0
120000	320000	28.0
120000	325000	16.0
120000	330000	7.0
120000	335000	32.0
120000	340000	18.0
120000	345000	25.0
120000	350000	29.0
120000	355000	29.0
120000	360000	17.0
120000	365000	31.0
120000	370000	19.0
120000	375000	27.0
120000	380000	16.0
120000	385000	17.0
120000	390000	17.0
120000	395000	30.0
120000	400000	19.0
120000	405000	37.0
120000	410000	34.0
120000	415000	36.0
120000	420000	41.0
120000	425000	15.0
120000	430000	13.0
120000	435000	14.0
120000	440000	28.0
120000	445000	18.0
120000	450000	30.0
120000	455000	14.0
120000	460000	19.0
120000	465000	21.0
120000	470000	23.0
120000	475000	20.0
120000	480000	10.0
120000	485000	12.0
120000	490000	14.0
120000	495000	16.0
120000	500000	10.0
120000	505000	13.0
120000	510000	11.0
120000	515000	15.0
120000	520000	12.0
120000	525000	9.0
120000	530000	6.0
120000	535000	12.0
120000	540000	13.0
120000	545000	14.0
120000	550000	11.0
120000	555000	17.0
120000	560000	10.0
125000	125000	898.0
125000	130000	610.0
125000	135000	173.0
125000	140000	201.0
125000	145000	160.0
125000	150000	72.0
125000	155000	101.0
125000	160000	61.0
125000	165000	71.0
125000	170000	50.0
125000	175000	55.0
125000	180000	46.0
125000	185000	56.0
125000	190000	36.0
125000	195000	35.0
125000	200000	26.0
125000	205000	22.0
125000	210000	14.0
125000	215000	15.0
125000	220000	14.0
125000	225000	31.0
125000	230000	31.0
125000	235000	16.0
125000	240000	34.0
125000	245000	30.0
125000	250000	34.0
125000	255000	37.0
125000	260000	35.0
125000	265000	32.0
125000	270000	18.0
125000	275000	26.0
125000	280000	34.0
125000	285000	21.0
125000	290000	21.0
125000	295000	13.0
125000	300000	18.0
125000	305000	11.0
125000	310000	12.0
125000	315000	19.0
125000	320000	16.0
125000	325000	19.0
125000	330000	5.0
125000	335000	13.0
125000	340000	11.0
125000	345000	12.0
125000	350000	23.0
125000	355000	15.0
125000	360000	22.0
125000	365000	26.0
125000	370000	26.0
125000	375000	21.0
125000	380000	15.0
125000	385000	14.0
125000	390000	19.0
125000	395000	23.0
125000	400000	17.0
125000	405000	47.0
125000	410000	26.0
125000	415000	34.0
125000	420000	25.0
125000	425000	16.0
125000	430000	20.0
125000	435000	16.0
125000	440000	25.0
125000	445000	29.0
125000	450000	20.0
125000	455000	10.0
125000	460000	14.0
125000	465000	9.0
125000	470000	16.0
125000	475000	15.0
125000	480000	11.0
125000	485000	9.0
125000	490000	8.0
125000	495000	11.0
125000	500000	5.0
125000	505000	8.0
125000	510000	9.0
125000	515000	6.0
125000	520000	11.0
125000	525000	4.0
125000	530000	7.0
125000	535000	9.0
125000	540000	8.0
125000	545000	14.0
125000	550000	8.0
125000	555000	13.0
125000	560000	6.0
130000	130000	809.0
130000	135000	423.0
130000	140000	248.0
130000	145000	165.0
130000	150000	70.0
130000	155000	84.0
130000	160000	58.0
130000	165000	69.0
130000	170000	36.0
130000	175000	54.0
130000	180000	43.0
130000	185000	28.0
130000	190000	39.0
130000	195000	27.0
130000	200000	27.0
130000	205000	23.0
130000	210000	23.0
130000	215000	20.0
130000	220000	21.0
130000	225000	33.0
130000	230000	34.0
130000	235000	22.0
130000	240000	23.0
130000	245000	23.0
130000	250000	20.0
130000	255000	26.0
130000	260000	29.0
130000	265000	34.0
130000	270000	20.0
130000	275000	13.0
130000	280000	16.0
130000	285000	18.0
130000	290000	18.0
130000	295000	21.0
130000	300000	16.0
130000	305000	21.0
130000	310000	21.0
130000	315000	11.0
130000	320000	29.0
130000	325000	16.0
130000	330000	8.0
130000	335000	14.0
130000	340000	13.0
130000	345000	17.0
130000	350000	26.0
130000	355000	16.0
130000	360000	14.0
130000	365000	21.0
130000	370000	21.0
130000	375000	30.0
130000	380000	10.0
130000	385000	20.0
130000	390000	6.0
130000	395000	29.0
130000	400000	25.0
130000	405000	19.0
130000	410000	26.0
130000	415000	37.0
130000	420000	31.0
130000	425000	19.0
130000	430000	18.0
130000	435000	15.0
130000	440000	14.0
130000	445000	19.0
130000	450000	15.0
130000	455000	10.0
130000	460000	11.0
130000	465000	14.0
130000	470000	14.0
130000	475000	11.0
130000	480000	12.0
130000	485000	12.0
130000	490000	10.0
130000	495000	10.0
130000	500000	5.0
130000	505000	4.0
130000	510000	14.0
130000	515000	12.0
130000	520000	5.0
130000	525000	6.0
130000	530000	7.0
130000	535000	11.0
130000	540000	10.0
130000	545000	9.0
130000	550000	9.0
130000	555000	11.0
130000	560000	5.0
135000	135000	615.0
135000	140000	463.0
135000	145000	155.0
135000	150000	79.0
135000	155000	99.0
135000	160000	68.0
135000	165000	70.0
135000	170000	36.0
135000	175000	46.0
135000	180000	40.0
135000	185000	41.0
135000	190000	21.0
135000	195000	29.0
135000	200000	40.0
135000	205000	16.0
135000	210000	12.0
135000	215000	21.0
135000	220000	20.0
135000	225000	31.0
135000	230000	37.0
135000	235000	17.0
135000	240000	29.0
135000	245000	27.0
135000	250000	25.0
135000	255000	32.0
135000	260000	34.0
135000	265000	38.0
135000	270000	21.0
135000	275000	19.0
135000	280000	24.0
135000	285000	12.0
135000	290000	15.0
135000	295000	13.0
135000	300000	19.0
135000	305000	11.0
135000	310000	11.0
135000	315000	14.0
135000	320000	21.0
135000	325000	19.0
135000	330000	8.0
135000	335000	17.0
135000	340000	11.0
135000	345000	8.0
135000	350000	27.0
135000	355000	15.0
135000	360000	14.0
135000	365000	17.0
135000	370000	16.0
135000	375000	18.0
135000	380000	15.0
135000	385000	14.0
135000	390000	9.0
135000	395000	19.0
135000	400000	20.0
135000	405000	24.0
135000	410000	18.0
135000	415000	32.0
135000	420000	28.0
135000	425000	12.0
135000	430000	11.0
135000	435000	13.0
135000	440000	9.0
135000	445000	10.0
135000	450000	8.0
135000	455000	7.0
135000	460000	5.0
135000	465000	6.0
135000	470000	8.0
135000	475000	11.0
135000	480000	11.0
135000	485000	8.0
135000	490000	11.0
135000	495000	17.0
135000	500000	11.0
135000	505000	5.0
135000	510000	7.0
135000	515000	5.0
135000	520000	4.0
135000	525000	6.0
135000	530000	6.0
135000	535000	10.0
135000	540000	11.0
135000	545000	10.0
135000	550000	13.0
135000	555000	9.0
135000	560000	7.0
140000	140000	1411.0
140000	145000	518.0
140000	150000	178.0
140000	155000	180.0
140000	160000	118.0
140000	165000	117.0
140000	170000	75.0
140000	175000	94.0
140000	180000	60.0
140000	185000	74.0
140000	190000	68.0
140000	195000	47.0
140000	200000	30.0
140000	205000	35.0
140000	210000	35.0
140000	215000	25.0
140000	220000	34.0
140000	225000	53.0
140000	230000	71.0
140000	235000	33.0
140000	240000	51.0
140000	245000	36.0
140000	250000	47.0
140000	255000	45.0
140000	260000	56.0
140000	265000	40.0
140000	270000	42.0
140000	275000	35.0
140000	280000	21.0
140000	285000	25.0
140000	290000	33.0
140000	295000	27.0
140000	300000	25.0
140000	305000	35.0
140000	310000	23.0
140000	315000	26.0
140000	320000	27.0
140000	325000	15.0
140000	330000	16.0
140000	335000	43.0
140000	340000	27.0
140000	345000	23.0
140000	350000	29.0
140000	355000	19.0
140000	360000	29.0
140000	365000	32.0
140000	370000	36.0
140000	375000	46.0
140000	380000	17.0
140000	385000	25.0
140000	390000	14.0
140000	395000	42.0
140000	400000	32.0
140000	405000	52.0
140000	410000	53.0
140000	415000	56.0
140000	420000	42.0
140000	425000	21.0
140000	430000	22.0
140000	435000	19.0
140000	440000	20.0
140000	445000	32.0
140000	450000	13.0
140000	455000	14.0
140000	460000	23.0
140000	465000	17.0
140000	470000	21.0
140000	475000	20.0
140000	480000	17.0
140000	485000	19.0
140000	490000	22.0
140000	495000	14.0
140000	500000	16.0
140000	505000	14.0
140000	510000	14.0
140000	515000	14.0
140000	520000	11.0
140000	525000	5.0
140000	530000	6.0
140000	535000	13.0
140000	540000	21.0
140000	545000	11.0
140000	550000	15.0
140000	555000	14.0
140000	560000	3.0
145000	145000	961.0
145000	150000	311.0
145000	155000	230.0
145000	160000	115.0
145000	165000	110.0
145000	170000	73.0
145000	175000	73.0
145000	180000	58.0
145000	185000	77.0
145000	190000	45.0
145000	195000	59.0
145000	200000	34.0
145000	205000	36.0
145000	210000	31.0
145000	215000	41.0
145000	220000	20.0
145000	225000	46.0
145000	230000	55.0
145000	235000	35.0
145000	240000	40.0
145000	245000	37.0
145000	250000	33.0
145000	255000	46.0
145000	260000	46.0
145000	265000	27.0
145000	270000	16.0
145000	275000	24.0
145000	280000	19.0
145000	285000	22.0
145000	290000	19.0
145000	295000	16.0
145000	300000	14.0
145000	305000	17.0
145000	310000	12.0
145000	315000	26.0
145000	320000	24.0
145000	325000	30.0
145000	330000	17.0
145000	335000	25.0
145000	340000	28.0
145000	345000	14.0
145000	350000	25.0
145000	355000	18.0
145000	360000	38.0
145000	365000	35.0
145000	370000	26.0
145000	375000	29.0
145000	380000	16.0
145000	385000	21.0
145000	390000	12.0
145000	395000	42.0
145000	400000	29.0
145000	405000	47.0
145000	410000	30.0
145000	415000	47.0
145000	420000	30.0
145000	425000	12.0
145000	430000	19.0
145000	435000	17.0
145000	440000	16.0
145000	445000	39.0
145000	450000	21.0
145000	455000	5.0
145000	460000	20.0
145000	465000	11.0
145000	470000	15.0
145000	475000	12.0
145000	480000	14.0
145000	485000	11.0
145000	490000	15.0
145000	495000	16.0
145000	500000	11.0
145000	505000	10.0
145000	510000	14.0
145000	515000	13.0
145000	520000	10.0
145000	525000	9.0
145000	530000	4.0
145000	535000	9.0
145000	540000	10.0
145000	545000	14.0
145000	550000	12.0
145000	555000	17.0
145000	560000	7.0
150000	150000	818.0
150000	155000	293.0
150000	160000	136.0
150000	165000	117.0
150000	170000	61.0
150000	175000	62.0
150000	180000	64.0
150000	185000	44.0
150000	190000	33.0
150000	195000	35.0
150000	200000	36.0
150000	205000	36.0
150000	210000	26.0
150000	215000	20.0
150000	220000	19.0
150000	225000	37.0
150000	230000	46.0
150000	235000	27.0
150000	240000	38.0
150000	245000	22.0
150000	250000	25.0
150000	255000	40.0
150000	260000	26.0
150000	265000	37.0
150000	270000	19.0
150000	275000	18.0
150000	280000	25.0
150000	285000	19.0
150000	290000	14.0
150000	295000	21.0
150000	300000	17.0
150000	305000	13.0
150000	310000	14.0
150000	315000	14.0
150000	320000	23.0
150000	325000	17.0
150000	330000	13.0
150000	335000	20.0
150000	340000	20.0
150000	345000	20.0
150000	350000	18.0
150000	355000	18.0
150000	360000	19.0
150000	365000	24.0
150000	370000	22.0
150000	375000	22.0
150000	380000	18.0
150000	385000	13.0
150000	390000	12.0
150000	395000	32.0
150000	400000	28.0
150000	405000	44.0
150000	410000	37.0
150000	415000	46.0
150000	420000	31.0
150000	425000	15.0
150000	430000	12.0
150000	435000	13.0
150000	440000	14.0
150000	445000	24.0
150000	450000	9.0
150000	455000	11.0
150000	460000	11.0
150000	465000	5.0
150000	470000	15.0
150000	475000	9.0
150000	480000	11.0
150000	485000	12.0
150000	490000	8.0
150000	495000	9.0
150000	500000	5.0
150000	505000	7.0
150000	510000	14.0
150000	515000	5.0
150000	520000	11.0
150000	525000	6.0
150000	530000	9.0
150000	535000	12.0
150000	540000	10.0
150000	545000	13.0
150000	550000	10.0
150000	555000	15.0
150000	560000	2.0
155000	155000	942.0
155000	160000	404.0
155000	165000	222.0
155000	170000	139.0
155000	175000	121.0
155000	180000	104.0
155000	185000	94.0
155000	190000	64.0
155000	195000	59.0
155000	200000	62.0
155000	205000	48.0
155000	210000	37.0
155000	215000	58.0
155000	220000	38.0
155000	225000	70.0
155000	230000	98.0
155000	235000	45.0
155000	240000	80.0
155000	245000	59.0
155000	250000	55.0
155000	255000	69.0
155000	260000	63.0
155000	265000	38.0
155000	270000	31.0
155000	275000	32.0
155000	280000	36.0
155000	285000	28.0
155000	290000	26.0
155000	295000	21.0
155000	300000	25.0
155000	305000	30.0
155000	310000	25.0
155000	315000	28.0
155000	320000	29.0
155000	325000	34.0
155000	330000	14.0
155000	335000	33.0
155000	340000	22.0
155000	345000	23.0
155000	350000	39.0
155000	355000	22.0
155000	360000	32.0
155000	365000	25.0
155000	370000	34.0
155000	375000	34.0
155000	380000	19.0
155000	385000	19.0
155000	390000	13.0
155000	395000	46.0
155000	400000	34.0
155000	405000	57.0
155000	410000	56.0
155000	415000	105.0
155000	420000	49.0
155000	425000	18.0
155000	430000	29.0
155000	435000	32.0
155000	440000	23.0
155000	445000	38.0
155000	450000	24.0
155000	455000	19.0
155000	460000	25.0
155000	465000	14.0
155000	470000	24.0
155000	475000	13.0
155000	480000	24.0
155000	485000	19.0
155000	490000	23.0
155000	495000	13.0
155000	500000	15.0
155000	505000	11.0
155000	510000	11.0
155000	515000	13.0
155000	520000	16.0
155000	525000	7.0
155000	530000	7.0
155000	535000	24.0
155000	540000	21.0
155000	545000	17.0
155000	550000	27.0
155000	555000	13.0
155000	560000	6.0
160000	160000	799.0
160000	165000	374.0
160000	170000	138.0
160000	175000	130.0
160000	180000	108.0
160000	185000	110.0
160000	190000	75.0
160000	195000	69.0
160000	200000	55.0
160000	205000	48.0
160000	210000	31.0
160000	215000	36.0
160000	220000	30.0
160000	225000	62.0
160000	230000	55.0
160000	235000	37.0
160000	240000	45.0
160000	245000	40.0
160000	250000	33.0
160000	255000	66.0
160000	260000	50.0
160000	265000	30.0
160000	270000	47.0
160000	275000	40.0
160000	280000	38.0
160000	285000	23.0
160000	290000	22.0
160000	295000	15.0
160000	300000	26.0
160000	305000	21.0
160000	310000	21.0
160000	315000	25.0
160000	320000	30.0
160000	325000	27.0
160000	330000	11.0
160000	335000	26.0
160000	340000	20.0
160000	345000	17.0
160000	350000	33.0
160000	355000	31.0
160000	360000	28.0
160000	365000	29.0
160000	370000	36.0
160000	375000	28.0
160000	380000	23.0
160000	385000	23.0
160000	390000	18.0
160000	395000	37.0
160000	400000	18.0
160000	405000	50.0
160000	410000	51.0
160000	415000	64.0
160000	420000	51.0
160000	425000	29.0
160000	430000	18.0
160000	435000	14.0
160000	440000	20.0
160000	445000	26.0
160000	450000	19.0
160000	455000	9.0
160000	460000	19.0
160000	465000	16.0
160000	470000	17.0
160000	475000	16.0
160000	480000	15.0
160000	485000	15.0
160000	490000	12.0
160000	495000	13.0
160000	500000	9.0
160000	505000	10.0
160000	510000	16.0
160000	515000	9.0
160000	520000	11.0
160000	525000	8.0
160000	530000	5.0
160000	535000	15.0
160000	540000	11.0
160000	545000	14.0
160000	550000	11.0
160000	555000	22.0
160000	560000	6.0
165000	165000	1101.0
165000	170000	332.0
165000	175000	216.0
165000	180000	136.0
165000	185000	130.0
165000	190000	71.0
165000	195000	66.0
165000	200000	57.0
165000	205000	59.0
165000	210000	38.0
165000	215000	43.0
165000	220000	39.0
165000	225000	90.0
165000	230000	97.0
165000	235000	42.0
165000	240000	63.0
165000	245000	60.0
165000	250000	43.0
165000	255000	69.0
165000	260000	46.0
165000	265000	51.0
165000	270000	27.0
165000	275000	22.0
165000	280000	41.0
165000	285000	23.0
165000	290000	32.0
165000	295000	33.0
165000	300000	32.0
165000	305000	28.0
165000	310000	24.0
165000	315000	27.0
165000	320000	37.0
165000	325000	27.0
165000	330000	15.0
165000	335000	44.0
165000	340000	30.0
165000	345000	16.0
165000	350000	37.0
165000	355000	20.0
165000	360000	35.0
165000	365000	36.0
165000	370000	27.0
165000	375000	45.0
165000	380000	27.0
165000	385000	17.0
165000	390000	17.0
165000	395000	47.0
165000	400000	28.0
165000	405000	56.0
165000	410000	52.0
165000	415000	66.0
165000	420000	47.0
165000	425000	26.0
165000	430000	20.0
165000	435000	28.0
165000	440000	24.0
165000	445000	32.0
165000	450000	27.0
165000	455000	11.0
165000	460000	28.0
165000	465000	20.0
165000	470000	23.0
165000	475000	22.0
165000	480000	15.0
165000	485000	22.0
165000	490000	22.0
165000	495000	12.0
165000	500000	14.0
165000	505000	13.0
165000	510000	13.0
165000	515000	10.0
165000	520000	11.0
165000	525000	18.0
165000	530000	5.0
165000	535000	13.0
165000	540000	18.0
165000	545000	12.0
165000	550000	18.0
165000	555000	18.0
165000	560000	4.0
170000	170000	543.0
170000	175000	293.0
170000	180000	155.0
170000	185000	139.0
170000	190000	55.0
170000	195000	53.0
170000	200000	34.0
170000	205000	44.0
170000	210000	34.0
170000	215000	22.0
170000	220000	25.0
170000	225000	57.0
170000	230000	56.0
170000	235000	31.0
170000	240000	32.0
170000	245000	27.0
170000	250000	41.0
170000	255000	44.0
170000	260000	36.0
170000	265000	33.0
170000	270000	28.0
170000	275000	20.0
170000	280000	28.0
170000	285000	20.0
170000	290000	17.0
170000	295000	19.0
170000	300000	25.0
170000	305000	16.0
170000	310000	17.0
170000	315000	23.0
170000	320000	27.0
170000	325000	22.0
170000	330000	14.0
170000	335000	32.0
170000	340000	23.0
170000	345000	19.0
170000	350000	21.0
170000	355000	15.0
170000	360000	23.0
170000	365000	27.0
170000	370000	26.0
170000	375000	23.0
170000	380000	10.0
170000	385000	11.0
170000	390000	16.0
170000	395000	28.0
170000	400000	32.0
170000	405000	45.0
170000	410000	31.0
170000	415000	27.0
170000	420000	36.0
170000	425000	14.0
170000	430000	12.0
170000	435000	21.0
170000	440000	12.0
170000	445000	25.0
170000	450000	13.0
170000	455000	12.0
170000	460000	16.0
170000	465000	12.0
170000	470000	17.0
170000	475000	10.0
170000	480000	11.0
170000	485000	14.0
170000	490000	21.0
170000	495000	5.0
170000	500000	9.0
170000	505000	11.0
170000	510000	13.0
170000	515000	10.0
170000	520000	8.0
170000	525000	8.0
170000	530000	3.0
170000	535000	5.0
170000	540000	9.0
170000	545000	11.0
170000	550000	7.0
170000	555000	13.0
170000	560000	9.0
175000	175000	782.0
175000	180000	386.0
175000	185000	199.0
175000	190000	105.0
175000	195000	81.0
175000	200000	75.0
175000	205000	56.0
175000	210000	44.0
175000	215000	36.0
175000	220000	21.0
175000	225000	63.0
175000	230000	77.0
175000	235000	48.0
175000	240000	45.0
175000	245000	41.0
175000	250000	44.0
175000	255000	44.0
175000	260000	41.0
175000	265000	32.0
175000	270000	31.0
175000	275000	29.0
175000	280000	26.0
175000	285000	21.0
175000	290000	31.0
175000	295000	21.0
175000	300000	25.0
175000	305000	26.0
175000	310000	25.0
175000	315000	23.0
175000	320000	29.0
175000	325000	20.0
175000	330000	13.0
175000	335000	33.0
175000	340000	22.0
175000	345000	17.0
175000	350000	35.0
175000	355000	22.0
175000	360000	32.0
175000	365000	29.0
175000	370000	30.0
175000	375000	35.0
175000	380000	15.0
175000	385000	23.0
175000	390000	18.0
175000	395000	34.0
175000	400000	30.0
175000	405000	46.0
175000	410000	45.0
175000	415000	55.0
175000	420000	49.0
175000	425000	14.0
175000	430000	17.0
175000	435000	19.0
175000	440000	21.0
175000	445000	28.0
175000	450000	18.0
175000	455000	12.0
175000	460000	15.0
175000	465000	14.0
175000	470000	12.0
175000	475000	16.0
175000	480000	16.0
175000	485000	11.0
175000	490000	13.0
175000	495000	13.0
175000	500000	6.0
175000	505000	11.0
175000	510000	15.0
175000	515000	10.0
175000	520000	11.0
175000	525000	6.0
175000	530000	10.0
175000	535000	15.0
175000	540000	11.0
175000	545000	14.0
175000	550000	14.0
175000	555000	15.0
175000	560000	8.0
180000	180000	643.0
180000	185000	303.0
180000	190000	121.0
180000	195000	91.0
180000	200000	57.0
180000	205000	51.0
180000	210000	35.0
180000	215000	37.0
180000	220000	23.0
180000	225000	44.0
180000	230000	61.0
180000	235000	25.0
180000	240000	40.0
180000	245000	38.0
180000	250000	36.0
180000	255000	41.0
180000	260000	42.0
180000	265000	30.0
180000	270000	27.0
180000	275000	23.0
180000	280000	29.0
180000	285000	22.0
180000	290000	29.0
180000	295000	26.0
180000	300000	16.0
180000	305000	21.0
180000	310000	24.0
180000	315000	17.0
180000	320000	21.0
180000	325000	21.0
180000	330000	13.0
180000	335000	26.0
180000	340000	14.0
180000	345000	27.0
180000	350000	25.0
180000	355000	21.0
180000	360000	28.0
180000	365000	25.0
180000	370000	32.0
180000	375000	38.0
180000	380000	20.0
180000	385000	12.0
180000	390000	8.0
180000	395000	36.0
180000	400000	26.0
180000	405000	40.0
180000	410000	33.0
180000	415000	38.0
180000	420000	29.0
180000	425000	17.0
180000	430000	15.0
180000	435000	16.0
180000	440000	21.0
180000	445000	21.0
180000	450000	21.0
180000	455000	10.0
180000	460000	19.0
180000	465000	11.0
180000	470000	28.0
180000	475000	14.0
180000	480000	14.0
180000	485000	13.0
180000	490000	20.0
180000	495000	7.0
180000	500000	7.0
180000	505000	4.0
180000	510000	9.0
180000	515000	9.0
180000	520000	9.0
180000	525000	6.0
180000	530000	7.0
180000	535000	8.0
180000	540000	12.0
180000	545000	10.0
180000	550000	10.0
180000	555000	11.0
180000	560000	7.0
185000	185000	567.0
185000	190000	389.0
185000	195000	163.0
185000	200000	81.0
185000	205000	60.0
185000	210000	61.0
185000	215000	40.0
185000	220000	34.0
185000	225000	56.0
185000	230000	60.0
185000	235000	39.0
185000	240000	55.0
185000	245000	51.0
185000	250000	39.0
185000	255000	55.0
185000	260000	44.0
185000	265000	27.0
185000	270000	24.0
185000	275000	40.0
185000	280000	54.0
185000	285000	28.0
185000	290000	30.0
185000	295000	28.0
185000	300000	21.0
185000	305000	25.0
185000	310000	22.0
185000	315000	16.0
185000	320000	31.0
185000	325000	14.0
185000	330000	12.0
185000	335000	26.0
185000	340000	24.0
185000	345000	21.0
185000	350000	36.0
185000	355000	28.0
185000	360000	30.0
185000	365000	29.0
185000	370000	23.0
185000	375000	37.0
185000	380000	16.0
185000	385000	18.0
185000	390000	14.0
185000	395000	32.0
185000	400000	20.0
185000	405000	37.0
185000	410000	35.0
185000	415000	45.0
185000	420000	23.0
185000	425000	19.0
185000	430000	20.0
185000	435000	23.0
185000	440000	17.0
185000	445000	32.0
185000	450000	16.0
185000	455000	12.0
185000	460000	17.0
185000	465000	14.0
185000	470000	18.0
185000	475000	10.0
185000	480000	11.0
185000	485000	8.0
185000	490000	13.0
185000	495000	11.0
185000	500000	9.0
185000	505000	9.0
185000	510000	12.0
185000	515000	10.0
185000	520000	5.0
185000	525000	19.0
185000	530000	6.0
185000	535000	11.0
185000	540000	8.0
185000	545000	10.0
185000	550000	14.0
185000	555000	11.0
185000	560000	9.0
190000	190000	813.0
190000	195000	261.0
190000	200000	137.0
190000	205000	84.0
190000	210000	56.0
190000	215000	39.0
190000	220000	33.0
190000	225000	53.0
190000	230000	52.0
190000	235000	27.0
190000	240000	44.0
190000	245000	40.0
190000	250000	35.0
190000	255000	47.0
190000	260000	37.0
190000	265000	32.0
190000	270000	25.0
190000	275000	31.0
190000	280000	36.0
190000	285000	22.0
190000	290000	21.0
190000	295000	31.0
190000	300000	21.0
190000	305000	24.0
190000	310000	14.0
190000	315000	19.0
190000	320000	26.0
190000	325000	11.0
190000	330000	14.0
190000	335000	19.0
190000	340000	12.0
190000	345000	22.0
190000	350000	20.0
190000	355000	21.0
190000	360000	24.0
190000	365000	29.0
190000	370000	21.0
190000	375000	29.0
190000	380000	17.0
190000	385000	17.0
190000	390000	13.0
190000	395000	28.0
190000	400000	25.0
190000	405000	37.0
190000	410000	22.0
190000	415000	43.0
190000	420000	20.0
190000	425000	11.0
190000	430000	20.0
190000	435000	11.0
190000	440000	15.0
190000	445000	32.0
190000	450000	9.0
190000	455000	13.0
190000	460000	11.0
190000	465000	7.0
190000	470000	20.0
190000	475000	12.0
190000	480000	16.0
190000	485000	18.0
190000	490000	11.0
190000	495000	7.0
190000	500000	12.0
190000	505000	9.0
190000	510000	8.0
190000	515000	7.0
190000	520000	9.0
190000	525000	9.0
190000	530000	4.0
190000	535000	9.0
190000	540000	12.0
190000	545000	8.0
190000	550000	10.0
190000	555000	8.0
190000	560000	5.0
195000	195000	635.0
195000	200000	231.0
195000	205000	91.0
195000	210000	74.0
195000	215000	66.0
195000	220000	28.0
195000	225000	55.0
195000	230000	58.0
195000	235000	30.0
195000	240000	32.0
195000	245000	36.0
195000	250000	37.0
195000	255000	42.0
195000	260000	36.0
195000	265000	21.0
195000	270000	19.0
195000	275000	26.0
195000	280000	26.0
195000	285000	16.0
195000	290000	28.0
195000	295000	22.0
195000	300000	18.0
195000	305000	22.0
195000	310000	15.0
195000	315000	19.0
195000	320000	31.0
195000	325000	19.0
195000	330000	13.0
195000	335000	19.0
195000	340000	20.0
195000	345000	20.0
195000	350000	21.0
195000	355000	14.0
195000	360000	28.0
195000	365000	20.0
195000	370000	21.0
195000	375000	22.0
195000	380000	19.0
195000	385000	23.0
195000	390000	16.0
195000	395000	22.0
195000	400000	22.0
195000	405000	32.0
195000	410000	24.0
195000	415000	33.0
195000	420000	23.0
195000	425000	17.0
195000	430000	15.0
195000	435000	15.0
195000	440000	12.0
195000	445000	12.0
195000	450000	12.0
195000	455000	9.0
195000	460000	11.0
195000	465000	12.0
195000	470000	18.0
195000	475000	10.0
195000	480000	12.0
195000	485000	5.0
195000	490000	16.0
195000	495000	11.0
195000	500000	5.0
195000	505000	9.0
195000	510000	12.0
195000	515000	10.0
195000	520000	8.0
195000	525000	8.0
195000	530000	5.0
195000	535000	12.0
195000	540000	5.0
195000	545000	8.0
195000	550000	8.0
195000	555000	9.0
195000	560000	5.0
200000	200000	512.0
200000	205000	201.0
200000	210000	74.0
200000	215000	69.0
200000	220000	49.0
200000	225000	54.0
200000	230000	61.0
200000	235000	27.0
200000	240000	34.0
200000	245000	40.0
200000	250000	39.0
200000	255000	41.0
200000	260000	37.0
200000	265000	25.0
200000	270000	22.0
200000	275000	13.0
200000	280000	12.0
200000	285000	18.0
200000	290000	22.0
200000	295000	19.0
200000	300000	24.0
200000	305000	10.0
200000	310000	9.0
200000	315000	14.0
200000	320000	16.0
200000	325000	32.0
200000	330000	12.0
200000	335000	21.0
200000	340000	20.0
200000	345000	12.0
200000	350000	35.0
200000	355000	20.0
200000	360000	26.0
200000	365000	25.0
200000	370000	15.0
200000	375000	21.0
200000	380000	8.0
200000	385000	17.0
200000	390000	10.0
200000	395000	19.0
200000	400000	15.0
200000	405000	33.0
200000	410000	22.0
200000	415000	34.0
200000	420000	28.0
200000	425000	11.0
200000	430000	14.0
200000	435000	16.0
200000	440000	13.0
200000	445000	21.0
200000	450000	11.0
200000	455000	8.0
200000	460000	11.0
200000	465000	5.0
200000	470000	18.0
200000	475000	12.0
200000	480000	6.0
200000	485000	15.0
200000	490000	14.0
200000	495000	10.0
200000	500000	5.0
200000	505000	11.0
200000	510000	8.0
200000	515000	13.0
200000	520000	5.0
200000	525000	2.0
200000	530000	2.0
200000	535000	9.0
200000	540000	9.0
200000	545000	14.0
200000	550000	7.0
200000	555000	8.0
200000	560000	7.0
205000	205000	352.0
205000	210000	120.0
205000	215000	57.0
205000	220000	38.0
205000	225000	61.0
205000	230000	47.0
205000	235000	21.0
205000	240000	35.0
205000	245000	35.0
205000	250000	31.0
205000	255000	39.0
205000	260000	30.0
205000	265000	26.0
205000	270000	20.0
205000	275000	12.0
205000	280000	20.0
205000	285000	15.0
205000	290000	12.0
205000	295000	22.0
205000	300000	10.0
205000	305000	15.0
205000	310000	17.0
205000	315000	15.0
205000	320000	22.0
205000	325000	7.0
205000	330000	8.0
205000	335000	19.0
205000	340000	10.0
205000	345000	16.0
205000	350000	15.0
205000	355000	9.0
205000	360000	20.0
205000	365000	24.0
205000	370000	18.0
205000	375000	21.0
205000	380000	21.0
205000	385000	12.0
205000	390000	12.0
205000	395000	30.0
205000	400000	13.0
205000	405000	24.0
205000	410000	19.0
205000	415000	26.0
205000	420000	21.0
205000	425000	8.0
205000	430000	11.0
205000	435000	14.0
205000	440000	8.0
205000	445000	9.0
205000	450000	9.0
205000	455000	8.0
205000	460000	11.0
205000	465000	12.0
205000	470000	12.0
205000	475000	9.0
205000	480000	9.0
205000	485000	5.0
205000	490000	9.0
205000	495000	5.0
205000	500000	7.0
205000	505000	8.0
205000	510000	10.0
205000	515000	9.0
205000	520000	7.0
205000	525000	4.0
205000	530000	3.0
205000	535000	8.0
205000	540000	6.0
205000	545000	8.0
205000	550000	8.0
205000	555000	8.0
205000	560000	3.0
210000	210000	491.0
210000	215000	62.0
210000	220000	44.0
210000	225000	57.0
210000	230000	53.0
210000	235000	24.0
210000	240000	34.0
210000	245000	30.0
210000	250000	25.0
210000	255000	26.0
210000	260000	29.0
210000	265000	34.0
210000	270000	15.0
210000	275000	19.0
210000	280000	18.0
210000	285000	15.0
210000	290000	24.0
210000	295000	20.0
210000	300000	8.0
210000	305000	15.0
210000	310000	14.0
210000	315000	22.0
210000	320000	23.0
210000	325000	16.0
210000	330000	6.0
210000	335000	9.0
210000	340000	13.0
210000	345000	10.0
210000	350000	17.0
210000	355000	11.0
210000	360000	15.0
210000	365000	16.0
210000	370000	15.0
210000	375000	20.0
210000	380000	12.0
210000	385000	15.0
210000	390000	12.0
210000	395000	20.0
210000	400000	14.0
210000	405000	17.0
210000	410000	21.0
210000	415000	14.0
210000	420000	15.0
210000	425000	6.0
210000	430000	2.0
210000	435000	9.0
210000	440000	12.0
210000	445000	15.0
210000	450000	9.0
210000	455000	7.0
210000	460000	10.0
210000	465000	8.0
210000	470000	6.0
210000	475000	6.0
210000	480000	5.0
210000	485000	8.0
210000	490000	11.0
210000	495000	11.0
210000	500000	2.0
210000	505000	10.0
210000	510000	8.0
210000	515000	2.0
210000	520000	10.0
210000	525000	7.0
210000	530000	5.0
210000	535000	6.0
210000	540000	2.0
210000	545000	8.0
210000	550000	8.0
210000	555000	8.0
210000	560000	1.0
215000	215000	390.0
215000	220000	57.0
215000	225000	99.0
215000	230000	70.0
215000	235000	38.0
215000	240000	49.0
215000	245000	34.0
215000	250000	27.0
215000	255000	32.0
215000	260000	44.0
215000	265000	26.0
215000	270000	19.0
215000	275000	21.0
215000	280000	17.0
215000	285000	6.0
215000	290000	12.0
215000	295000	12.0
215000	300000	13.0
215000	305000	14.0
215000	310000	16.0
215000	315000	12.0
215000	320000	21.0
215000	325000	25.0
215000	330000	8.0
215000	335000	17.0
215000	340000	13.0
215000	345000	15.0
215000	350000	20.0
215000	355000	13.0
215000	360000	19.0
215000	365000	20.0
215000	370000	10.0
215000	375000	19.0
215000	380000	12.0
215000	385000	7.0
215000	390000	7.0
215000	395000	11.0
215000	400000	12.0
215000	405000	11.0
215000	410000	16.0
215000	415000	23.0
215000	420000	20.0
215000	425000	6.0
215000	430000	13.0
215000	435000	15.0
215000	440000	6.0
215000	445000	19.0
215000	450000	9.0
215000	455000	3.0
215000	460000	8.0
215000	465000	6.0
215000	470000	11.0
215000	475000	8.0
215000	480000	9.0
215000	485000	3.0
215000	490000	6.0
215000	495000	8.0
215000	500000	5.0
215000	505000	4.0
215000	510000	11.0
215000	515000	5.0
215000	520000	6.0
215000	525000	6.0
215000	530000	1.0
215000	535000	9.0
215000	540000	7.0
215000	545000	9.0
215000	550000	9.0
215000	555000	10.0
215000	560000	3.0
220000	220000	173.0
220000	225000	174.0
220000	230000	58.0
220000	235000	35.0
220000	240000	39.0
220000	245000	29.0
220000	250000	17.0
220000	255000	29.0
220000	260000	31.0
220000	265000	20.0
220000	270000	17.0
220000	275000	10.0
220000	280000	22.0
220000	285000	16.0
220000	290000	11.0
220000	295000	14.0
220000	300000	13.0
220000	305000	7.0
220000	310000	8.0
220000	315000	19.0
220000	320000	24.0
220000	325000	12.0
220000	330000	4.0
220000	335000	11.0
220000	340000	13.0
220000	345000	13.0
220000	350000	12.0
220000	355000	10.0
220000	360000	7.0
220000	365000	17.0
220000	370000	12.0
220000	375000	18.0
220000	380000	8.0
220000	385000	10.0
220000	390000	4.0
220000	395000	16.0
220000	400000	12.0
220000	405000	20.0
220000	410000	29.0
220000	415000	16.0
220000	420000	15.0
220000	425000	10.0
220000	430000	9.0
220000	435000	8.0
220000	440000	10.0
220000	445000	12.0
220000	450000	6.0
220000	455000	2.0
220000	460000	4.0
220000	465000	7.0
220000	470000	10.0
220000	475000	7.0
220000	480000	6.0
220000	485000	6.0
220000	490000	4.0
220000	495000	3.0
220000	500000	4.0
220000	505000	5.0
220000	510000	2.0
220000	515000	3.0
220000	520000	5.0
220000	525000	11.0
220000	530000	4.0
220000	535000	3.0
220000	540000	8.0
220000	545000	9.0
220000	550000	6.0
220000	555000	8.0
220000	560000	6.0
225000	225000	541.0
225000	230000	311.0
225000	235000	71.0
225000	240000	68.0
225000	245000	63.0
225000	250000	47.0
225000	255000	74.0
225000	260000	54.0
225000	265000	49.0
225000	270000	34.0
225000	275000	23.0
225000	280000	35.0
225000	285000	21.0
225000	290000	26.0
225000	295000	25.0
225000	300000	31.0
225000	305000	20.0
225000	310000	15.0
225000	315000	23.0
225000	320000	26.0
225000	325000	15.0
225000	330000	6.0
225000	335000	34.0
225000	340000	18.0
225000	345000	17.0
225000	350000	37.0
225000	355000	9.0
225000	360000	25.0
225000	365000	24.0
225000	370000	24.0
225000	375000	26.0
225000	380000	10.0
225000	385000	17.0
225000	390000	13.0
225000	395000	24.0
225000	400000	16.0
225000	405000	31.0
225000	410000	22.0
225000	415000	37.0
225000	420000	28.0
225000	425000	17.0
225000	430000	20.0
225000	435000	20.0
225000	440000	8.0
225000	445000	19.0
225000	450000	17.0
225000	455000	6.0
225000	460000	17.0
225000	465000	11.0
225000	470000	10.0
225000	475000	10.0
225000	480000	10.0
225000	485000	9.0
225000	490000	16.0
225000	495000	5.0
225000	500000	7.0
225000	505000	5.0
225000	510000	4.0
225000	515000	6.0
225000	520000	9.0
225000	525000	6.0
225000	530000	4.0
225000	535000	6.0
225000	540000	6.0
225000	545000	5.0
225000	550000	6.0
225000	555000	9.0
225000	560000	7.0
230000	230000	529.0
230000	235000	172.0
230000	240000	146.0
230000	245000	101.0
230000	250000	90.0
230000	255000	93.0
230000	260000	80.0
230000	265000	72.0
230000	270000	52.0
230000	275000	44.0
230000	280000	46.0
230000	285000	26.0
230000	290000	36.0
230000	295000	30.0
230000	300000	31.0
230000	305000	22.0
230000	310000	27.0
230000	315000	22.0
230000	320000	38.0
230000	325000	37.0
230000	330000	8.0
230000	335000	35.0
230000	340000	22.0
230000	345000	24.0
230000	350000	27.0
230000	355000	19.0
230000	360000	28.0
230000	365000	23.0
230000	370000	26.0
230000	375000	30.0
230000	380000	22.0
230000	385000	17.0
230000	390000	22.0
230000	395000	41.0
230000	400000	18.0
230000	405000	30.0
230000	410000	24.0
230000	415000	37.0
230000	420000	33.0
230000	425000	12.0
230000	430000	9.0
230000	435000	13.0
230000	440000	12.0
230000	445000	22.0
230000	450000	15.0
230000	455000	14.0
230000	460000	22.0
230000	465000	13.0
230000	470000	16.0
230000	475000	10.0
230000	480000	14.0
230000	485000	12.0
230000	490000	11.0
230000	495000	11.0
230000	500000	9.0
230000	505000	7.0
230000	510000	11.0
230000	515000	7.0
230000	520000	6.0
230000	525000	9.0
230000	530000	8.0
230000	535000	14.0
230000	540000	9.0
230000	545000	9.0
230000	550000	12.0
230000	555000	6.0
230000	560000	4.0
235000	235000	397.0
235000	240000	244.0
235000	245000	119.0
235000	250000	81.0
235000	255000	70.0
235000	260000	59.0
235000	265000	45.0
235000	270000	41.0
235000	275000	38.0
235000	280000	34.0
235000	285000	22.0
235000	290000	20.0
235000	295000	18.0
235000	300000	36.0
235000	305000	27.0
235000	310000	13.0
235000	315000	20.0
235000	320000	21.0
235000	325000	15.0
235000	330000	8.0
235000	335000	24.0
235000	340000	12.0
235000	345000	21.0
235000	350000	19.0
235000	355000	11.0
235000	360000	16.0
235000	365000	20.0
235000	370000	24.0
235000	375000	22.0
235000	380000	12.0
235000	385000	16.0
235000	390000	13.0
235000	395000	27.0
235000	400000	10.0
235000	405000	24.0
235000	410000	19.0
235000	415000	30.0
235000	420000	15.0
235000	425000	8.0
235000	430000	10.0
235000	435000	10.0
235000	440000	15.0
235000	445000	13.0
235000	450000	7.0
235000	455000	12.0
235000	460000	8.0
235000	465000	8.0
235000	470000	22.0
235000	475000	14.0
235000	480000	5.0
235000	485000	6.0
235000	490000	6.0
235000	495000	7.0
235000	500000	11.0
235000	505000	3.0
235000	510000	11.0
235000	515000	2.0
235000	520000	7.0
235000	525000	6.0
235000	530000	1.0
235000	535000	8.0
235000	540000	6.0
235000	545000	7.0
235000	550000	11.0
235000	555000	8.0
235000	560000	6.0
240000	240000	713.0
240000	245000	316.0
240000	250000	124.0
240000	255000	160.0
240000	260000	131.0
240000	265000	84.0
240000	270000	70.0
240000	275000	58.0
240000	280000	52.0
240000	285000	33.0
240000	290000	40.0
240000	295000	43.0
240000	300000	32.0
240000	305000	33.0
240000	310000	21.0
240000	315000	24.0
240000	320000	45.0
240000	325000	25.0
240000	330000	11.0
240000	335000	42.0
240000	340000	23.0
240000	345000	12.0
240000	350000	32.0
240000	355000	25.0
240000	360000	39.0
240000	365000	36.0
240000	370000	29.0
240000	375000	26.0
240000	380000	33.0
240000	385000	19.0
240000	390000	16.0
240000	395000	37.0
240000	400000	24.0
240000	405000	33.0
240000	410000	28.0
240000	415000	34.0
240000	420000	23.0
240000	425000	15.0
240000	430000	17.0
240000	435000	12.0
240000	440000	13.0
240000	445000	18.0
240000	450000	13.0
240000	455000	13.0
240000	460000	15.0
240000	465000	14.0
240000	470000	15.0
240000	475000	12.0
240000	480000	12.0
240000	485000	11.0
240000	490000	11.0
240000	495000	8.0
240000	500000	6.0
240000	505000	11.0
240000	510000	10.0
240000	515000	4.0
240000	520000	11.0
240000	525000	10.0
240000	530000	6.0
240000	535000	16.0
240000	540000	11.0
240000	545000	15.0
240000	550000	7.0
240000	555000	6.0
240000	560000	6.0
245000	245000	704.0
245000	250000	237.0
245000	255000	203.0
245000	260000	140.0
245000	265000	112.0
245000	270000	84.0
245000	275000	57.0
245000	280000	66.0
245000	285000	35.0
245000	290000	42.0
245000	295000	41.0
245000	300000	45.0
245000	305000	28.0
245000	310000	39.0
245000	315000	29.0
245000	320000	36.0
245000	325000	33.0
245000	330000	23.0
245000	335000	42.0
245000	340000	36.0
245000	345000	16.0
245000	350000	45.0
245000	355000	39.0
245000	360000	39.0
245000	365000	27.0
245000	370000	30.0
245000	375000	30.0
245000	380000	17.0
245000	385000	27.0
245000	390000	22.0
245000	395000	39.0
245000	400000	29.0
245000	405000	37.0
245000	410000	34.0
245000	415000	36.0
245000	420000	29.0
245000	425000	13.0
245000	430000	27.0
245000	435000	15.0
245000	440000	14.0
245000	445000	30.0
245000	450000	12.0
245000	455000	10.0
245000	460000	20.0
245000	465000	14.0
245000	470000	14.0
245000	475000	10.0
245000	480000	15.0
245000	485000	17.0
245000	490000	11.0
245000	495000	12.0
245000	500000	7.0
245000	505000	10.0
245000	510000	6.0
245000	515000	4.0
245000	520000	9.0
245000	525000	7.0
245000	530000	5.0
245000	535000	6.0
245000	540000	12.0
245000	545000	17.0
245000	550000	13.0
245000	555000	10.0
245000	560000	8.0
250000	250000	648.0
250000	255000	326.0
250000	260000	192.0
250000	265000	131.0
250000	270000	81.0
250000	275000	54.0
250000	280000	61.0
250000	285000	36.0
250000	290000	41.0
250000	295000	37.0
250000	300000	26.0
250000	305000	33.0
250000	310000	28.0
250000	315000	20.0
250000	320000	35.0
250000	325000	27.0
250000	330000	11.0
250000	335000	40.0
250000	340000	36.0
250000	345000	25.0
250000	350000	33.0
250000	355000	22.0
250000	360000	41.0
250000	365000	42.0
250000	370000	31.0
250000	375000	42.0
250000	380000	13.0
250000	385000	24.0
250000	390000	19.0
250000	395000	25.0
250000	400000	25.0
250000	405000	30.0
250000	410000	38.0
250000	415000	35.0
250000	420000	29.0
250000	425000	15.0
250000	430000	14.0
250000	435000	12.0
250000	440000	20.0
250000	445000	28.0
250000	450000	13.0
250000	455000	7.0
250000	460000	10.0
250000	465000	6.0
250000	470000	11.0
250000	475000	8.0
250000	480000	16.0
250000	485000	10.0
250000	490000	14.0
250000	495000	9.0
250000	500000	6.0
250000	505000	11.0
250000	510000	11.0
250000	515000	9.0
250000	520000	5.0
250000	525000	12.0
250000	530000	5.0
250000	535000	12.0
250000	540000	7.0
250000	545000	16.0
250000	550000	11.0
250000	555000	15.0
250000	560000	1.0
255000	255000	837.0
255000	260000	428.0
255000	265000	235.0
255000	270000	140.0
255000	275000	113.0
255000	280000	92.0
255000	285000	57.0
255000	290000	52.0
255000	295000	56.0
255000	300000	44.0
255000	305000	51.0
255000	310000	51.0
255000	315000	50.0
255000	320000	58.0
255000	325000	53.0
255000	330000	15.0
255000	335000	50.0
255000	340000	34.0
255000	345000	33.0
255000	350000	54.0
255000	355000	46.0
255000	360000	56.0
255000	365000	49.0
255000	370000	40.0
255000	375000	46.0
255000	380000	22.0
255000	385000	24.0
255000	390000	24.0
255000	395000	40.0
255000	400000	39.0
255000	405000	47.0
255000	410000	31.0
255000	415000	58.0
255000	420000	45.0
255000	425000	24.0
255000	430000	21.0
255000	435000	18.0
255000	440000	21.0
255000	445000	31.0
255000	450000	19.0
255000	455000	19.0
255000	460000	20.0
255000	465000	6.0
255000	470000	28.0
255000	475000	11.0
255000	480000	13.0
255000	485000	13.0
255000	490000	10.0
255000	495000	11.0
255000	500000	11.0
255000	505000	15.0
255000	510000	16.0
255000	515000	10.0
255000	520000	11.0
255000	525000	5.0
255000	530000	8.0
255000	535000	11.0
255000	540000	6.0
255000	545000	18.0
255000	550000	18.0
255000	555000	19.0
255000	560000	6.0
260000	260000	865.0
260000	265000	433.0
260000	270000	183.0
260000	275000	131.0
260000	280000	127.0
260000	285000	68.0
260000	290000	72.0
260000	295000	64.0
260000	300000	52.0
260000	305000	52.0
260000	310000	43.0
260000	315000	62.0
260000	320000	49.0
260000	325000	44.0
260000	330000	24.0
260000	335000	42.0
260000	340000	38.0
260000	345000	38.0
260000	350000	59.0
260000	355000	38.0
260000	360000	58.0
260000	365000	48.0
260000	370000	46.0
260000	375000	40.0
260000	380000	27.0
260000	385000	31.0
260000	390000	28.0
260000	395000	34.0
260000	400000	27.0
260000	405000	42.0
260000	410000	36.0
260000	415000	62.0
260000	420000	53.0
260000	425000	21.0
260000	430000	20.0
260000	435000	23.0
260000	440000	14.0
260000	445000	40.0
260000	450000	16.0
260000	455000	22.0
260000	460000	25.0
260000	465000	22.0
260000	470000	27.0
260000	475000	20.0
260000	480000	17.0
260000	485000	11.0
260000	490000	19.0
260000	495000	8.0
260000	500000	15.0
260000	505000	18.0
260000	510000	15.0
260000	515000	9.0
260000	520000	11.0
260000	525000	13.0
260000	530000	8.0
260000	535000	24.0
260000	540000	6.0
260000	545000	23.0
260000	550000	15.0
260000	555000	17.0
260000	560000	6.0
265000	265000	810.0
265000	270000	314.0
265000	275000	156.0
265000	280000	121.0
265000	285000	67.0
265000	290000	77.0
265000	295000	60.0
265000	300000	51.0
265000	305000	56.0
265000	310000	45.0
265000	315000	46.0
265000	320000	62.0
265000	325000	37.0
265000	330000	17.0
265000	335000	48.0
265000	340000	30.0
265000	345000	31.0
265000	350000	43.0
265000	355000	35.0
265000	360000	42.0
265000	365000	49.0
265000	370000	37.0
265000	375000	48.0
265000	380000	14.0
265000	385000	33.0
265000	390000	21.0
265000	395000	47.0
265000	400000	27.0
265000	405000	53.0
265000	410000	30.0
265000	415000	51.0
265000	420000	37.0
265000	425000	18.0
265000	430000	16.0
265000	435000	23.0
265000	440000	13.0
265000	445000	29.0
265000	450000	16.0
265000	455000	16.0
265000	460000	23.0
265000	465000	13.0
265000	470000	23.0
265000	475000	10.0
265000	480000	11.0
265000	485000	8.0
265000	490000	16.0
265000	495000	11.0
265000	500000	10.0
265000	505000	12.0
265000	510000	18.0
265000	515000	7.0
265000	520000	18.0
265000	525000	6.0
265000	530000	9.0
265000	535000	16.0
265000	540000	11.0
265000	545000	10.0
265000	550000	14.0
265000	555000	14.0
265000	560000	5.0
270000	270000	563.0
270000	275000	255.0
270000	280000	139.0
270000	285000	64.0
270000	290000	60.0
270000	295000	45.0
270000	300000	46.0
270000	305000	55.0
270000	310000	34.0
270000	315000	43.0
270000	320000	39.0
270000	325000	39.0
270000	330000	18.0
270000	335000	45.0
270000	340000	40.0
270000	345000	30.0
270000	350000	34.0
270000	355000	32.0
270000	360000	32.0
270000	365000	40.0
270000	370000	37.0
270000	375000	36.0
270000	380000	29.0
270000	385000	16.0
270000	390000	25.0
270000	395000	44.0
270000	400000	30.0
270000	405000	40.0
270000	410000	30.0
270000	415000	46.0
270000	420000	35.0
270000	425000	25.0
270000	430000	19.0
270000	435000	15.0
270000	440000	17.0
270000	445000	21.0
270000	450000	16.0
270000	455000	6.0
270000	460000	15.0
270000	465000	12.0
270000	470000	12.0
270000	475000	14.0
270000	480000	12.0
270000	485000	18.0
270000	490000	14.0
270000	495000	6.0
270000	500000	10.0
270000	505000	6.0
270000	510000	15.0
270000	515000	12.0
270000	520000	15.0
270000	525000	7.0
270000	530000	6.0
270000	535000	12.0
270000	540000	12.0
270000	545000	6.0
270000	550000	12.0
270000	555000	14.0
270000	560000	8.0
275000	275000	539.0
275000	280000	264.0
275000	285000	84.0
275000	290000	40.0
275000	295000	46.0
275000	300000	51.0
275000	305000	40.0
275000	310000	34.0
275000	315000	52.0
275000	320000	40.0
275000	325000	24.0
275000	330000	17.0
275000	335000	36.0
275000	340000	33.0
275000	345000	21.0
275000	350000	39.0
275000	355000	34.0
275000	360000	42.0
275000	365000	35.0
275000	370000	27.0
275000	375000	32.0
275000	380000	27.0
275000	385000	24.0
275000	390000	29.0
275000	395000	48.0
275000	400000	28.0
275000	405000	41.0
275000	410000	32.0
275000	415000	55.0
275000	420000	45.0
275000	425000	23.0
275000	430000	19.0
275000	435000	18.0
275000	440000	22.0
275000	445000	20.0
275000	450000	17.0
275000	455000	13.0
275000	460000	14.0
275000	465000	10.0
275000	470000	17.0
275000	475000	14.0
275000	480000	10.0
275000	485000	11.0
275000	490000	13.0
275000	495000	6.0
275000	500000	6.0
275000	505000	5.0
275000	510000	10.0
275000	515000	13.0
275000	520000	5.0
275000	525000	9.0
275000	530000	3.0
275000	535000	6.0
275000	540000	10.0
275000	545000	10.0
275000	550000	10.0
275000	555000	14.0
275000	560000	5.0
280000	280000	881.0
280000	285000	150.0
280000	290000	128.0
280000	295000	92.0
280000	300000	67.0
280000	305000	61.0
280000	310000	44.0
280000	315000	52.0
280000	320000	48.0
280000	325000	41.0
280000	330000	18.0
280000	335000	47.0
280000	340000	33.0
280000	345000	32.0
280000	350000	63.0
280000	355000	33.0
280000	360000	36.0
280000	365000	46.0
280000	370000	50.0
280000	375000	53.0
280000	380000	25.0
280000	385000	26.0
280000	390000	31.0
280000	395000	67.0
280000	400000	41.0
280000	405000	41.0
280000	410000	44.0
280000	415000	59.0
280000	420000	40.0
280000	425000	29.0
280000	430000	25.0
280000	435000	20.0
280000	440000	23.0
280000	445000	30.0
280000	450000	29.0
280000	455000	9.0
280000	460000	17.0
280000	465000	14.0
280000	470000	18.0
280000	475000	16.0
280000	480000	18.0
280000	485000	11.0
280000	490000	18.0
280000	495000	13.0
280000	500000	12.0
280000	505000	6.0
280000	510000	11.0
280000	515000	12.0
280000	520000	11.0
280000	525000	1.0
280000	530000	4.0
280000	535000	7.0
280000	540000	8.0
280000	545000	23.0
280000	550000	9.0
280000	555000	14.0
280000	560000	3.0
285000	285000	504.0
285000	290000	311.0
285000	295000	119.0
285000	300000	94.0
285000	305000	67.0
285000	310000	75.0
285000	315000	60.0
285000	320000	61.0
285000	325000	70.0
285000	330000	22.0
285000	335000	53.0
285000	340000	44.0
285000	345000	34.0
285000	350000	46.0
285000	355000	41.0
285000	360000	65.0
285000	365000	50.0
285000	370000	35.0
285000	375000	46.0
285000	380000	30.0
285000	385000	26.0
285000	390000	28.0
285000	395000	72.0
285000	400000	31.0
285000	405000	39.0
285000	410000	29.0
285000	415000	42.0
285000	420000	54.0
285000	425000	21.0
285000	430000	17.0
285000	435000	17.0
285000	440000	10.0
285000	445000	28.0
285000	450000	17.0
285000	455000	9.0
285000	460000	9.0
285000	465000	5.0
285000	470000	19.0
285000	475000	12.0
285000	480000	7.0
285000	485000	12.0
285000	490000	9.0
285000	495000	15.0
285000	500000	14.0
285000	505000	9.0
285000	510000	11.0
285000	515000	16.0
285000	520000	6.0
285000	525000	7.0
285000	530000	5.0
285000	535000	17.0
285000	540000	5.0
285000	545000	16.0
285000	550000	14.0
285000	555000	15.0
285000	560000	7.0
290000	290000	668.0
290000	295000	218.0
290000	300000	137.0
290000	305000	117.0
290000	310000	96.0
290000	315000	76.0
290000	320000	97.0
290000	325000	55.0
290000	330000	24.0
290000	335000	69.0
290000	340000	50.0
290000	345000	47.0
290000	350000	61.0
290000	355000	35.0
290000	360000	48.0
290000	365000	55.0
290000	370000	59.0
290000	375000	56.0
290000	380000	31.0
290000	385000	36.0
290000	390000	25.0
290000	395000	43.0
290000	400000	31.0
290000	405000	48.0
290000	410000	34.0
290000	415000	34.0
290000	420000	33.0
290000	425000	20.0
290000	430000	14.0
290000	435000	16.0
290000	440000	13.0
290000	445000	28.0
290000	450000	18.0
290000	455000	6.0
290000	460000	17.0
290000	465000	17.0
290000	470000	17.0
290000	475000	18.0
290000	480000	14.0
290000	485000	15.0
290000	490000	17.0
290000	495000	7.0
290000	500000	10.0
290000	505000	6.0
290000	510000	16.0
290000	515000	10.0
290000	520000	13.0
290000	525000	8.0
290000	530000	5.0
290000	535000	19.0
290000	540000	13.0
290000	545000	27.0
290000	550000	12.0
290000	555000	16.0
290000	560000	6.0
295000	295000	765.0
295000	300000	303.0
295000	305000	134.0
295000	310000	85.0
295000	315000	87.0
295000	320000	106.0
295000	325000	69.0
295000	330000	31.0
295000	335000	61.0
295000	340000	38.0
295000	345000	51.0
295000	350000	43.0
295000	355000	35.0
295000	360000	62.0
295000	365000	55.0
295000	370000	43.0
295000	375000	51.0
295000	380000	53.0
295000	385000	34.0
295000	390000	29.0
295000	395000	45.0
295000	400000	26.0
295000	405000	28.0
295000	410000	31.0
295000	415000	39.0
295000	420000	29.0
295000	425000	22.0
295000	430000	20.0
295000	435000	16.0
295000	440000	19.0
295000	445000	34.0
295000	450000	13.0
295000	455000	12.0
295000	460000	23.0
295000	465000	11.0
295000	470000	17.0
295000	475000	9.0
295000	480000	18.0
295000	485000	11.0
295000	490000	13.0
295000	495000	14.0
295000	500000	7.0
295000	505000	14.0
295000	510000	18.0
295000	515000	9.0
295000	520000	10.0
295000	525000	8.0
295000	530000	4.0
295000	535000	11.0
295000	540000	9.0
295000	545000	12.0
295000	550000	14.0
295000	555000	10.0
295000	560000	9.0
300000	300000	719.0
300000	305000	270.0
300000	310000	115.0
300000	315000	110.0
300000	320000	90.0
300000	325000	81.0
300000	330000	45.0
300000	335000	71.0
300000	340000	51.0
300000	345000	42.0
300000	350000	72.0
300000	355000	40.0
300000	360000	68.0
300000	365000	64.0
300000	370000	44.0
300000	375000	37.0
300000	380000	27.0
300000	385000	21.0
300000	390000	21.0
300000	395000	49.0
300000	400000	21.0
300000	405000	22.0
300000	410000	26.0
300000	415000	51.0
300000	420000	28.0
300000	425000	13.0
300000	430000	16.0
300000	435000	17.0
300000	440000	11.0
300000	445000	29.0
300000	450000	15.0
300000	455000	6.0
300000	460000	14.0
300000	465000	15.0
300000	470000	10.0
300000	475000	11.0
300000	480000	14.0
300000	485000	15.0
300000	490000	17.0
300000	495000	10.0
300000	500000	6.0
300000	505000	6.0
300000	510000	13.0
300000	515000	11.0
300000	520000	12.0
300000	525000	6.0
300000	530000	3.0
300000	535000	16.0
300000	540000	17.0
300000	545000	15.0
300000	550000	10.0
300000	555000	15.0
300000	560000	7.0
305000	305000	676.0
305000	310000	371.0
305000	315000	131.0
305000	320000	141.0
305000	325000	90.0
305000	330000	37.0
305000	335000	81.0
305000	340000	49.0
305000	345000	51.0
305000	350000	76.0
305000	355000	40.0
305000	360000	72.0
305000	365000	59.0
305000	370000	47.0
305000	375000	57.0
305000	380000	44.0
305000	385000	30.0
305000	390000	19.0
305000	395000	42.0
305000	400000	27.0
305000	405000	39.0
305000	410000	37.0
305000	415000	41.0
305000	420000	24.0
305000	425000	18.0
305000	430000	21.0
305000	435000	12.0
305000	440000	14.0
305000	445000	22.0
305000	450000	16.0
305000	455000	12.0
305000	460000	17.0
305000	465000	11.0
305000	470000	19.0
305000	475000	13.0
305000	480000	18.0
305000	485000	17.0
305000	490000	11.0
305000	495000	10.0
305000	500000	7.0
305000	505000	7.0
305000	510000	23.0
305000	515000	7.0
305000	520000	10.0
305000	525000	5.0
305000	530000	5.0
305000	535000	18.0
305000	540000	9.0
305000	545000	20.0
305000	550000	12.0
305000	555000	18.0
305000	560000	2.0
310000	310000	570.0
310000	315000	248.0
310000	320000	123.0
310000	325000	79.0
310000	330000	32.0
310000	335000	62.0
310000	340000	32.0
310000	345000	37.0
310000	350000	67.0
310000	355000	34.0
310000	360000	44.0
310000	365000	48.0
310000	370000	30.0
310000	375000	35.0
310000	380000	25.0
310000	385000	22.0
310000	390000	20.0
310000	395000	48.0
310000	400000	17.0
310000	405000	29.0
310000	410000	19.0
310000	415000	23.0
310000	420000	21.0
310000	425000	8.0
310000	430000	16.0
310000	435000	15.0
310000	440000	20.0
310000	445000	22.0
310000	450000	12.0
310000	455000	12.0
310000	460000	17.0
310000	465000	9.0
310000	470000	21.0
310000	475000	11.0
310000	480000	14.0
310000	485000	16.0
310000	490000	13.0
310000	495000	12.0
310000	500000	12.0
310000	505000	6.0
310000	510000	13.0
310000	515000	6.0
310000	520000	11.0
310000	525000	11.0
310000	530000	4.0
310000	535000	12.0
310000	540000	15.0
310000	545000	14.0
310000	550000	10.0
310000	555000	13.0
310000	560000	8.0
315000	315000	743.0
315000	320000	343.0
315000	325000	114.0
315000	330000	45.0
315000	335000	79.0
315000	340000	60.0
315000	345000	59.0
315000	350000	66.0
315000	355000	41.0
315000	360000	58.0
315000	365000	79.0
315000	370000	57.0
315000	375000	42.0
315000	380000	31.0
315000	385000	28.0
315000	390000	28.0
315000	395000	62.0
315000	400000	25.0
315000	405000	19.0
315000	410000	25.0
315000	415000	31.0
315000	420000	26.0
315000	425000	10.0
315000	430000	10.0
315000	435000	18.0
315000	440000	17.0
315000	445000	22.0
315000	450000	12.0
315000	455000	14.0
315000	460000	16.0
315000	465000	11.0
315000	470000	27.0
315000	475000	11.0
315000	480000	15.0
315000	485000	21.0
315000	490000	10.0
315000	495000	17.0
315000	500000	15.0
315000	505000	12.0
315000	510000	16.0
315000	515000	7.0
315000	520000	12.0
315000	525000	12.0
315000	530000	4.0
315000	535000	6.0
315000	540000	14.0
315000	545000	15.0
315000	550000	10.0
315000	555000	18.0
315000	560000	7.0
320000	320000	987.0
320000	325000	238.0
320000	330000	58.0
320000	335000	97.0
320000	340000	101.0
320000	345000	86.0
320000	350000	109.0
320000	355000	86.0
320000	360000	89.0
320000	365000	66.0
320000	370000	64.0
320000	375000	60.0
320000	380000	40.0
320000	385000	41.0
320000	390000	29.0
320000	395000	68.0
320000	400000	43.0
320000	405000	36.0
320000	410000	35.0
320000	415000	35.0
320000	420000	35.0
320000	425000	15.0
320000	430000	25.0
320000	435000	21.0
320000	440000	29.0
320000	445000	33.0
320000	450000	17.0
320000	455000	16.0
320000	460000	24.0
320000	465000	18.0
320000	470000	22.0
320000	475000	17.0
320000	480000	18.0
320000	485000	29.0
320000	490000	14.0
320000	495000	15.0
320000	500000	16.0
320000	505000	15.0
320000	510000	23.0
320000	515000	19.0
320000	520000	13.0
320000	525000	17.0
320000	530000	8.0
320000	535000	19.0
320000	540000	10.0
320000	545000	23.0
320000	550000	9.0
320000	555000	21.0
320000	560000	4.0
325000	325000	860.0
325000	330000	93.0
325000	335000	137.0
325000	340000	101.0
325000	345000	77.0
325000	350000	119.0
325000	355000	73.0
325000	360000	75.0
325000	365000	69.0
325000	370000	57.0
325000	375000	49.0
325000	380000	43.0
325000	385000	34.0
325000	390000	24.0
325000	395000	57.0
325000	400000	29.0
325000	405000	33.0
325000	410000	27.0
325000	415000	31.0
325000	420000	31.0
325000	425000	17.0
325000	430000	12.0
325000	435000	15.0
325000	440000	14.0
325000	445000	24.0
325000	450000	16.0
325000	455000	12.0
325000	460000	18.0
325000	465000	11.0
325000	470000	13.0
325000	475000	11.0
325000	480000	21.0
325000	485000	20.0
325000	490000	16.0
325000	495000	10.0
325000	500000	7.0
325000	505000	6.0
325000	510000	17.0
325000	515000	15.0
325000	520000	13.0
325000	525000	6.0
325000	530000	7.0
325000	535000	21.0
325000	540000	11.0
325000	545000	21.0
325000	550000	16.0
325000	555000	9.0
325000	560000	12.0
330000	330000	193.0
330000	335000	189.0
330000	340000	63.0
330000	345000	46.0
330000	350000	60.0
330000	355000	40.0
330000	360000	50.0
330000	365000	37.0
330000	370000	30.0
330000	375000	47.0
330000	380000	22.0
330000	385000	16.0
330000	390000	20.0
330000	395000	28.0
330000	400000	14.0
330000	405000	18.0
330000	410000	7.0
330000	415000	17.0
330000	420000	11.0
330000	425000	5.0
330000	430000	8.0
330000	435000	5.0
330000	440000	8.0
330000	445000	10.0
330000	450000	11.0
330000	455000	6.0
330000	460000	9.0
330000	465000	6.0
330000	470000	8.0
330000	475000	9.0
330000	480000	13.0
330000	485000	9.0
330000	490000	7.0
330000	495000	5.0
330000	500000	3.0
330000	505000	4.0
330000	510000	7.0
330000	515000	8.0
330000	520000	14.0
330000	525000	6.0
330000	530000	3.0
330000	535000	6.0
330000	540000	4.0
330000	545000	8.0
330000	550000	8.0
330000	555000	8.0
330000	560000	3.0
335000	335000	935.0
335000	340000	261.0
335000	345000	157.0
335000	350000	156.0
335000	355000	90.0
335000	360000	106.0
335000	365000	96.0
335000	370000	83.0
335000	375000	71.0
335000	380000	60.0
335000	385000	46.0
335000	390000	43.0
335000	395000	74.0
335000	400000	28.0
335000	405000	47.0
335000	410000	31.0
335000	415000	41.0
335000	420000	39.0
335000	425000	15.0
335000	430000	21.0
335000	435000	19.0
335000	440000	19.0
335000	445000	24.0
335000	450000	22.0
335000	455000	20.0
335000	460000	20.0
335000	465000	30.0
335000	470000	28.0
335000	475000	22.0
335000	480000	22.0
335000	485000	15.0
335000	490000	18.0
335000	495000	13.0
335000	500000	8.0
335000	505000	5.0
335000	510000	20.0
335000	515000	14.0
335000	520000	17.0
335000	525000	15.0
335000	530000	7.0
335000	535000	17.0
335000	540000	12.0
335000	545000	17.0
335000	550000	10.0
335000	555000	21.0
335000	560000	6.0
340000	340000	851.0
340000	345000	182.0
340000	350000	178.0
340000	355000	88.0
340000	360000	96.0
340000	365000	83.0
340000	370000	55.0
340000	375000	59.0
340000	380000	51.0
340000	385000	41.0
340000	390000	24.0
340000	395000	66.0
340000	400000	26.0
340000	405000	28.0
340000	410000	20.0
340000	415000	33.0
340000	420000	31.0
340000	425000	12.0
340000	430000	21.0
340000	435000	18.0
340000	440000	22.0
340000	445000	25.0
340000	450000	19.0
340000	455000	9.0
340000	460000	10.0
340000	465000	18.0
340000	470000	21.0
340000	475000	10.0
340000	480000	13.0
340000	485000	16.0
340000	490000	20.0
340000	495000	15.0
340000	500000	4.0
340000	505000	12.0
340000	510000	17.0
340000	515000	13.0
340000	520000	16.0
340000	525000	11.0
340000	530000	11.0
340000	535000	20.0
340000	540000	11.0
340000	545000	18.0
340000	550000	16.0
340000	555000	13.0
340000	560000	6.0
345000	345000	653.0
345000	350000	264.0
345000	355000	110.0
345000	360000	113.0
345000	365000	93.0
345000	370000	94.0
345000	375000	78.0
345000	380000	42.0
345000	385000	38.0
345000	390000	40.0
345000	395000	55.0
345000	400000	24.0
345000	405000	38.0
345000	410000	17.0
345000	415000	38.0
345000	420000	32.0
345000	425000	14.0
345000	430000	13.0
345000	435000	22.0
345000	440000	13.0
345000	445000	18.0
345000	450000	20.0
345000	455000	5.0
345000	460000	16.0
345000	465000	12.0
345000	470000	20.0
345000	475000	13.0
345000	480000	11.0
345000	485000	10.0
345000	490000	19.0
345000	495000	12.0
345000	500000	12.0
345000	505000	9.0
345000	510000	17.0
345000	515000	12.0
345000	520000	18.0
345000	525000	10.0
345000	530000	5.0
345000	535000	15.0
345000	540000	11.0
345000	545000	14.0
345000	550000	12.0
345000	555000	18.0
345000	560000	5.0
350000	350000	1109.0
350000	355000	347.0
350000	360000	225.0
350000	365000	175.0
350000	370000	132.0
350000	375000	88.0
350000	380000	62.0
350000	385000	61.0
350000	390000	52.0
350000	395000	99.0
350000	400000	45.0
350000	405000	50.0
350000	410000	42.0
350000	415000	58.0
350000	420000	40.0
350000	425000	19.0
350000	430000	32.0
350000	435000	16.0
350000	440000	25.0
350000	445000	37.0
350000	450000	23.0
350000	455000	15.0
350000	460000	28.0
350000	465000	13.0
350000	470000	31.0
350000	475000	16.0
350000	480000	23.0
350000	485000	19.0
350000	490000	18.0
350000	495000	18.0
350000	500000	13.0
350000	505000	21.0
350000	510000	28.0
350000	515000	18.0
350000	520000	18.0
350000	525000	17.0
350000	530000	10.0
350000	535000	19.0
350000	540000	13.0
350000	545000	21.0
350000	550000	23.0
350000	555000	23.0
350000	560000	10.0
355000	355000	706.0
355000	360000	366.0
355000	365000	202.0
355000	370000	92.0
355000	375000	99.0
355000	380000	58.0
355000	385000	39.0
355000	390000	23.0
355000	395000	60.0
355000	400000	28.0
355000	405000	33.0
355000	410000	23.0
355000	415000	40.0
355000	420000	35.0
355000	425000	13.0
355000	430000	21.0
355000	435000	16.0
355000	440000	16.0
355000	445000	27.0
355000	450000	13.0
355000	455000	10.0
355000	460000	14.0
355000	465000	13.0
355000	470000	22.0
355000	475000	10.0
355000	480000	14.0
355000	485000	5.0
355000	490000	14.0
355000	495000	14.0
355000	500000	15.0
355000	505000	10.0
355000	510000	15.0
355000	515000	9.0
355000	520000	10.0
355000	525000	6.0
355000	530000	7.0
355000	535000	21.0
355000	540000	9.0
355000	545000	13.0
355000	550000	15.0
355000	555000	9.0
355000	560000	6.0
360000	360000	1232.0
360000	365000	426.0
360000	370000	190.0
360000	375000	142.0
360000	380000	90.0
360000	385000	71.0
360000	390000	51.0
360000	395000	105.0
360000	400000	62.0
360000	405000	53.0
360000	410000	39.0
360000	415000	51.0
360000	420000	39.0
360000	425000	21.0
360000	430000	13.0
360000	435000	23.0
360000	440000	22.0
360000	445000	33.0
360000	450000	28.0
360000	455000	15.0
360000	460000	24.0
360000	465000	18.0
360000	470000	30.0
360000	475000	15.0
360000	480000	25.0
360000	485000	23.0
360000	490000	18.0
360000	495000	17.0
360000	500000	9.0
360000	505000	18.0
360000	510000	21.0
360000	515000	14.0
360000	520000	16.0
360000	525000	20.0
360000	530000	12.0
360000	535000	17.0
360000	540000	35.0
360000	545000	26.0
360000	550000	26.0
360000	555000	20.0
360000	560000	8.0
365000	365000	1197.0
365000	370000	362.0
365000	375000	197.0
365000	380000	119.0
365000	385000	85.0
365000	390000	57.0
365000	395000	115.0
365000	400000	57.0
365000	405000	37.0
365000	410000	33.0
365000	415000	52.0
365000	420000	45.0
365000	425000	34.0
365000	430000	16.0
365000	435000	32.0
365000	440000	26.0
365000	445000	43.0
365000	450000	20.0
365000	455000	13.0
365000	460000	24.0
365000	465000	23.0
365000	470000	41.0
365000	475000	25.0
365000	480000	26.0
365000	485000	18.0
365000	490000	19.0
365000	495000	19.0
365000	500000	18.0
365000	505000	14.0
365000	510000	22.0
365000	515000	14.0
365000	520000	16.0
365000	525000	16.0
365000	530000	4.0
365000	535000	28.0
365000	540000	21.0
365000	545000	18.0
365000	550000	27.0
365000	555000	23.0
365000	560000	10.0
370000	370000	808.0
370000	375000	339.0
370000	380000	125.0
370000	385000	84.0
370000	390000	61.0
370000	395000	126.0
370000	400000	55.0
370000	405000	62.0
370000	410000	39.0
370000	415000	63.0
370000	420000	49.0
370000	425000	20.0
370000	430000	22.0
370000	435000	22.0
370000	440000	17.0
370000	445000	36.0
370000	450000	25.0
370000	455000	20.0
370000	460000	19.0
370000	465000	17.0
370000	470000	25.0
370000	475000	15.0
370000	480000	16.0
370000	485000	21.0
370000	490000	13.0
370000	495000	20.0
370000	500000	13.0
370000	505000	8.0
370000	510000	22.0
370000	515000	15.0
370000	520000	15.0
370000	525000	12.0
370000	530000	13.0
370000	535000	28.0
370000	540000	11.0
370000	545000	18.0
370000	550000	22.0
370000	555000	12.0
370000	560000	7.0
375000	375000	997.0
375000	380000	299.0
375000	385000	135.0
375000	390000	102.0
375000	395000	161.0
375000	400000	82.0
375000	405000	77.0
375000	410000	39.0
375000	415000	81.0
375000	420000	53.0
375000	425000	23.0
375000	430000	26.0
375000	435000	24.0
375000	440000	20.0
375000	445000	35.0
375000	450000	35.0
375000	455000	24.0
375000	460000	24.0
375000	465000	15.0
375000	470000	41.0
375000	475000	15.0
375000	480000	21.0
375000	485000	25.0
375000	490000	22.0
375000	495000	15.0
375000	500000	11.0
375000	505000	20.0
375000	510000	14.0
375000	515000	14.0
375000	520000	30.0
375000	525000	16.0
375000	530000	11.0
375000	535000	24.0
375000	540000	19.0
375000	545000	13.0
375000	550000	14.0
375000	555000	21.0
375000	560000	8.0
380000	380000	451.0
380000	385000	130.0
380000	390000	80.0
380000	395000	119.0
380000	400000	57.0
380000	405000	41.0
380000	410000	33.0
380000	415000	51.0
380000	420000	41.0
380000	425000	14.0
380000	430000	21.0
380000	435000	21.0
380000	440000	16.0
380000	445000	24.0
380000	450000	10.0
380000	455000	8.0
380000	460000	21.0
380000	465000	17.0
380000	470000	18.0
380000	475000	14.0
380000	480000	13.0
380000	485000	17.0
380000	490000	18.0
380000	495000	9.0
380000	500000	6.0
380000	505000	5.0
380000	510000	13.0
380000	515000	11.0
380000	520000	17.0
380000	525000	16.0
380000	530000	9.0
380000	535000	17.0
380000	540000	10.0
380000	545000	15.0
380000	550000	11.0
380000	555000	12.0
380000	560000	8.0
385000	385000	493.0
385000	390000	208.0
385000	395000	148.0
385000	400000	56.0
385000	405000	45.0
385000	410000	38.0
385000	415000	40.0
385000	420000	38.0
385000	425000	21.0
385000	430000	18.0
385000	435000	20.0
385000	440000	17.0
385000	445000	31.0
385000	450000	19.0
385000	455000	12.0
385000	460000	14.0
385000	465000	9.0
385000	470000	21.0
385000	475000	15.0
385000	480000	11.0
385000	485000	12.0
385000	490000	17.0
385000	495000	17.0
385000	500000	8.0
385000	505000	9.0
385000	510000	15.0
385000	515000	10.0
385000	520000	7.0
385000	525000	10.0
385000	530000	5.0
385000	535000	7.0
385000	540000	13.0
385000	545000	11.0
385000	550000	9.0
385000	555000	13.0
385000	560000	6.0
390000	390000	492.0
390000	395000	291.0
390000	400000	70.0
390000	405000	38.0
390000	410000	33.0
390000	415000	43.0
390000	420000	34.0
390000	425000	20.0
390000	430000	24.0
390000	435000	11.0
390000	440000	16.0
390000	445000	24.0
390000	450000	14.0
390000	455000	5.0
390000	460000	15.0
390000	465000	7.0
390000	470000	13.0
390000	475000	14.0
390000	480000	13.0
390000	485000	8.0
390000	490000	9.0
390000	495000	7.0
390000	500000	5.0
390000	505000	6.0
390000	510000	9.0
390000	515000	7.0
390000	520000	8.0
390000	525000	7.0
390000	530000	1.0
390000	535000	7.0
390000	540000	8.0
390000	545000	9.0
390000	550000	8.0
390000	555000	11.0
390000	560000	1.0
395000	395000	1185.0
395000	400000	258.0
395000	405000	126.0
395000	410000	86.0
395000	415000	109.0
395000	420000	82.0
395000	425000	43.0
395000	430000	47.0
395000	435000	42.0
395000	440000	34.0
395000	445000	65.0
395000	450000	29.0
395000	455000	26.0
395000	460000	32.0
395000	465000	20.0
395000	470000	40.0
395000	475000	32.0
395000	480000	33.0
395000	485000	25.0
395000	490000	27.0
395000	495000	11.0
395000	500000	21.0
395000	505000	18.0
395000	510000	25.0
395000	515000	15.0
395000	520000	11.0
395000	525000	17.0
395000	530000	4.0
395000	535000	29.0
395000	540000	12.0
395000	545000	14.0
395000	550000	18.0
395000	555000	23.0
395000	560000	6.0
400000	400000	539.0
400000	405000	168.0
400000	410000	94.0
400000	415000	128.0
400000	420000	76.0
400000	425000	36.0
400000	430000	39.0
400000	435000	33.0
400000	440000	44.0
400000	445000	42.0
400000	450000	30.0
400000	455000	11.0
400000	460000	22.0
400000	465000	20.0
400000	470000	30.0
400000	475000	19.0
400000	480000	22.0
400000	485000	14.0
400000	490000	11.0
400000	495000	12.0
400000	500000	8.0
400000	505000	9.0
400000	510000	12.0
400000	515000	14.0
400000	520000	10.0
400000	525000	10.0
400000	530000	11.0
400000	535000	9.0
400000	540000	9.0
400000	545000	15.0
400000	550000	14.0
400000	555000	12.0
400000	560000	7.0
405000	405000	911.0
405000	410000	276.0
405000	415000	287.0
405000	420000	146.0
405000	425000	70.0
405000	430000	51.0
405000	435000	59.0
405000	440000	40.0
405000	445000	75.0
405000	450000	40.0
405000	455000	20.0
405000	460000	26.0
405000	465000	32.0
405000	470000	31.0
405000	475000	23.0
405000	480000	33.0
405000	485000	23.0
405000	490000	16.0
405000	495000	20.0
405000	500000	16.0
405000	505000	19.0
405000	510000	29.0
405000	515000	10.0
405000	520000	14.0
405000	525000	15.0
405000	530000	9.0
405000	535000	24.0
405000	540000	18.0
405000	545000	25.0
405000	550000	19.0
405000	555000	23.0
405000	560000	9.0
410000	410000	691.0
410000	415000	380.0
410000	420000	158.0
410000	425000	67.0
410000	430000	53.0
410000	435000	51.0
410000	440000	48.0
410000	445000	62.0
410000	450000	52.0
410000	455000	23.0
410000	460000	26.0
410000	465000	21.0
410000	470000	33.0
410000	475000	22.0
410000	480000	26.0
410000	485000	29.0
410000	490000	15.0
410000	495000	26.0
410000	500000	14.0
410000	505000	16.0
410000	510000	16.0
410000	515000	20.0
410000	520000	14.0
410000	525000	21.0
410000	530000	10.0
410000	535000	22.0
410000	540000	19.0
410000	545000	15.0
410000	550000	20.0
410000	555000	18.0
410000	560000	9.0
415000	415000	1367.0
415000	420000	393.0
415000	425000	120.0
415000	430000	102.0
415000	435000	105.0
415000	440000	105.0
415000	445000	93.0
415000	450000	70.0
415000	455000	37.0
415000	460000	49.0
415000	465000	50.0
415000	470000	60.0
415000	475000	51.0
415000	480000	48.0
415000	485000	35.0
415000	490000	40.0
415000	495000	33.0
415000	500000	21.0
415000	505000	27.0
415000	510000	31.0
415000	515000	23.0
415000	520000	36.0
415000	525000	17.0
415000	530000	13.0
415000	535000	24.0
415000	540000	26.0
415000	545000	45.0
415000	550000	37.0
415000	555000	26.0
415000	560000	12.0
420000	420000	1190.0
420000	425000	329.0
420000	430000	148.0
420000	435000	126.0
420000	440000	101.0
420000	445000	159.0
420000	450000	90.0
420000	455000	46.0
420000	460000	54.0
420000	465000	56.0
420000	470000	69.0
420000	475000	46.0
420000	480000	42.0
420000	485000	36.0
420000	490000	29.0
420000	495000	33.0
420000	500000	32.0
420000	505000	22.0
420000	510000	32.0
420000	515000	29.0
420000	520000	25.0
420000	525000	26.0
420000	530000	19.0
420000	535000	25.0
420000	540000	24.0
420000	545000	35.0
420000	550000	24.0
420000	555000	35.0
420000	560000	18.0
425000	425000	386.0
425000	430000	207.0
425000	435000	105.0
425000	440000	75.0
425000	445000	73.0
425000	450000	45.0
425000	455000	21.0
425000	460000	26.0
425000	465000	24.0
425000	470000	40.0
425000	475000	26.0
425000	480000	31.0
425000	485000	25.0
425000	490000	20.0
425000	495000	20.0
425000	500000	15.0
425000	505000	9.0
425000	510000	17.0
425000	515000	16.0
425000	520000	14.0
425000	525000	10.0
425000	530000	8.0
425000	535000	16.0
425000	540000	19.0
425000	545000	29.0
425000	550000	20.0
425000	555000	16.0
425000	560000	11.0
430000	430000	496.0
430000	435000	236.0
430000	440000	151.0
430000	445000	139.0
430000	450000	72.0
430000	455000	38.0
430000	460000	39.0
430000	465000	31.0
430000	470000	50.0
430000	475000	51.0
430000	480000	47.0
430000	485000	29.0
430000	490000	35.0
430000	495000	23.0
430000	500000	24.0
430000	505000	18.0
430000	510000	25.0
430000	515000	20.0
430000	520000	19.0
430000	525000	20.0
430000	530000	13.0
430000	535000	34.0
430000	540000	22.0
430000	545000	35.0
430000	550000	32.0
430000	555000	25.0
430000	560000	9.0
435000	435000	726.0
435000	440000	368.0
435000	445000	246.0
435000	450000	86.0
435000	455000	60.0
435000	460000	60.0
435000	465000	50.0
435000	470000	56.0
435000	475000	45.0
435000	480000	47.0
435000	485000	47.0
435000	490000	39.0
435000	495000	37.0
435000	500000	25.0
435000	505000	27.0
435000	510000	27.0
435000	515000	34.0
435000	520000	41.0
435000	525000	24.0
435000	530000	20.0
435000	535000	50.0
435000	540000	34.0
435000	545000	47.0
435000	550000	46.0
435000	555000	29.0
435000	560000	14.0
440000	440000	883.0
440000	445000	392.0
440000	450000	146.0
440000	455000	71.0
440000	460000	68.0
440000	465000	60.0
440000	470000	83.0
440000	475000	48.0
440000	480000	57.0
440000	485000	45.0
440000	490000	39.0
440000	495000	49.0
440000	500000	23.0
440000	505000	28.0
440000	510000	39.0
440000	515000	22.0
440000	520000	24.0
440000	525000	23.0
440000	530000	19.0
440000	535000	37.0
440000	540000	28.0
440000	545000	33.0
440000	550000	35.0
440000	555000	38.0
440000	560000	15.0
445000	445000	1431.0
445000	450000	550.0
445000	455000	132.0
445000	460000	141.0
445000	465000	85.0
445000	470000	133.0
445000	475000	82.0
445000	480000	94.0
445000	485000	64.0
445000	490000	68.0
445000	495000	62.0
445000	500000	43.0
445000	505000	39.0
445000	510000	45.0
445000	515000	33.0
445000	520000	42.0
445000	525000	24.0
445000	530000	16.0
445000	535000	55.0
445000	540000	38.0
445000	545000	63.0
445000	550000	48.0
445000	555000	57.0
445000	560000	12.0
450000	450000	636.0
450000	455000	369.0
450000	460000	188.0
450000	465000	117.0
450000	470000	159.0
450000	475000	81.0
450000	480000	64.0
450000	485000	66.0
450000	490000	70.0
450000	495000	42.0
450000	500000	29.0
450000	505000	47.0
450000	510000	43.0
450000	515000	38.0
450000	520000	42.0
450000	525000	19.0
450000	530000	14.0
450000	535000	39.0
450000	540000	30.0
450000	545000	35.0
450000	550000	35.0
450000	555000	31.0
450000	560000	20.0
455000	455000	590.0
455000	460000	187.0
455000	465000	111.0
455000	470000	105.0
455000	475000	69.0
455000	480000	50.0
455000	485000	59.0
455000	490000	45.0
455000	495000	35.0
455000	500000	28.0
455000	505000	37.0
455000	510000	37.0
455000	515000	23.0
455000	520000	30.0
455000	525000	20.0
455000	530000	24.0
455000	535000	33.0
455000	540000	26.0
455000	545000	26.0
455000	550000	25.0
455000	555000	32.0
455000	560000	13.0
460000	460000	916.0
460000	465000	416.0
460000	470000	222.0
460000	475000	108.0
460000	480000	104.0
460000	485000	92.0
460000	490000	94.0
460000	495000	73.0
460000	500000	60.0
460000	505000	48.0
460000	510000	67.0
460000	515000	36.0
460000	520000	47.0
460000	525000	50.0
460000	530000	21.0
460000	535000	54.0
460000	540000	49.0
460000	545000	41.0
460000	550000	42.0
460000	555000	44.0
460000	560000	14.0
465000	465000	585.0
465000	470000	309.0
465000	475000	136.0
465000	480000	94.0
465000	485000	71.0
465000	490000	81.0
465000	495000	55.0
465000	500000	39.0
465000	505000	44.0
465000	510000	52.0
465000	515000	34.0
465000	520000	44.0
465000	525000	29.0
465000	530000	24.0
465000	535000	39.0
465000	540000	34.0
465000	545000	61.0
465000	550000	35.0
465000	555000	42.0
465000	560000	14.0
470000	470000	1257.0
470000	475000	264.0
470000	480000	155.0
470000	485000	134.0
470000	490000	102.0
470000	495000	82.0
470000	500000	53.0
470000	505000	57.0
470000	510000	73.0
470000	515000	48.0
470000	520000	60.0
470000	525000	37.0
470000	530000	23.0
470000	535000	68.0
470000	540000	54.0
470000	545000	48.0
470000	550000	49.0
470000	555000	57.0
470000	560000	18.0
475000	475000	609.0
475000	480000	342.0
475000	485000	165.0
475000	490000	144.0
475000	495000	83.0
475000	500000	53.0
475000	505000	53.0
475000	510000	71.0
475000	515000	40.0
475000	520000	35.0
475000	525000	22.0
475000	530000	17.0
475000	535000	50.0
475000	540000	36.0
475000	545000	62.0
475000	550000	38.0
475000	555000	57.0
475000	560000	15.0
480000	480000	716.0
480000	485000	304.0
480000	490000	208.0
480000	495000	134.0
480000	500000	85.0
480000	505000	62.0
480000	510000	92.0
480000	515000	62.0
480000	520000	51.0
480000	525000	45.0
480000	530000	25.0
480000	535000	75.0
480000	540000	39.0
480000	545000	61.0
480000	550000	44.0
480000	555000	50.0
480000	560000	25.0
485000	485000	895.0
485000	490000	351.0
485000	495000	163.0
485000	500000	94.0
485000	505000	99.0
485000	510000	99.0
485000	515000	64.0
485000	520000	70.0
485000	525000	38.0
485000	530000	30.0
485000	535000	76.0
485000	540000	64.0
485000	545000	87.0
485000	550000	68.0
485000	555000	59.0
485000	560000	30.0
490000	490000	812.0
490000	495000	308.0
490000	500000	138.0
490000	505000	104.0
490000	510000	126.0
490000	515000	80.0
490000	520000	69.0
490000	525000	46.0
490000	530000	31.0
490000	535000	65.0
490000	540000	60.0
490000	545000	63.0
490000	550000	60.0
490000	555000	70.0
490000	560000	29.0
495000	495000	703.0
495000	500000	197.0
495000	505000	127.0
495000	510000	127.0
495000	515000	65.0
495000	520000	76.0
495000	525000	33.0
495000	530000	32.0
495000	535000	50.0
495000	540000	39.0
495000	545000	58.0
495000	550000	56.0
495000	555000	49.0
495000	560000	26.0
500000	500000	590.0
500000	505000	183.0
500000	510000	123.0
500000	515000	64.0
500000	520000	69.0
500000	525000	43.0
500000	530000	22.0
500000	535000	56.0
500000	540000	50.0
500000	545000	50.0
500000	550000	45.0
500000	555000	41.0
500000	560000	23.0
505000	505000	529.0
505000	510000	249.0
505000	515000	96.0
505000	520000	87.0
505000	525000	43.0
505000	530000	32.0
505000	535000	65.0
505000	540000	49.0
505000	545000	67.0
505000	550000	52.0
505000	555000	38.0
505000	560000	24.0
510000	510000	1233.0
510000	515000	334.0
510000	520000	183.0
510000	525000	87.0
510000	530000	52.0
510000	535000	129.0
510000	540000	80.0
510000	545000	96.0
510000	550000	81.0
510000	555000	72.0
510000	560000	32.0
515000	515000	596.0
515000	520000	241.0
515000	525000	95.0
515000	530000	40.0
515000	535000	87.0
515000	540000	63.0
515000	545000	75.0
515000	550000	71.0
515000	555000	73.0
515000	560000	24.0
520000	520000	998.0
520000	525000	185.0
520000	530000	71.0
520000	535000	132.0
520000	540000	78.0
520000	545000	82.0
520000	550000	75.0
520000	555000	87.0
520000	560000	36.0
525000	525000	459.0
525000	530000	173.0
525000	535000	145.0
525000	540000	71.0
525000	545000	79.0
525000	550000	49.0
525000	555000	61.0
525000	560000	22.0
530000	530000	269.0
530000	535000	185.0
530000	540000	63.0
530000	545000	68.0
530000	550000	44.0
530000	555000	42.0
530000	560000	19.0
535000	535000	953.0
535000	540000	303.0
535000	545000	171.0
535000	550000	119.0
535000	555000	108.0
535000	560000	38.0
540000	540000	721.0
540000	545000	215.0
540000	550000	145.0
540000	555000	116.0
540000	560000	38.0
545000	545000	1065.0
545000	550000	448.0
545000	555000	208.0
545000	560000	71.0
550000	550000	984.0
550000	555000	335.0
550000	560000	75.0
555000	555000	1187.0
555000	560000	168.0
560000	560000	409.0
